Delta,Time,CPU_FREQUENCY_0,CPU_FREQUENCY_1,CPU_FREQUENCY_10,CPU_FREQUENCY_11,CPU_FREQUENCY_12,CPU_FREQUENCY_13,CPU_FREQUENCY_14,CPU_FREQUENCY_15,CPU_FREQUENCY_16,CPU_FREQUENCY_17,CPU_FREQUENCY_18,CPU_FREQUENCY_19,CPU_FREQUENCY_2,CPU_FREQUENCY_20,CPU_FREQUENCY_21,CPU_FREQUENCY_22,CPU_FREQUENCY_23,CPU_FREQUENCY_24,CPU_FREQUENCY_25,CPU_FREQUENCY_26,CPU_FREQUENCY_27,CPU_FREQUENCY_28,CPU_FREQUENCY_29,CPU_FREQUENCY_3,CPU_FREQUENCY_30,CPU_FREQUENCY_31,CPU_FREQUENCY_4,CPU_FREQUENCY_5,CPU_FREQUENCY_6,CPU_FREQUENCY_7,CPU_FREQUENCY_8,CPU_FREQUENCY_9,CPU_USAGE_0,CPU_USAGE_1,CPU_USAGE_10,CPU_USAGE_11,CPU_USAGE_12,CPU_USAGE_13,CPU_USAGE_14,CPU_USAGE_15,CPU_USAGE_16,CPU_USAGE_17,CPU_USAGE_18,CPU_USAGE_19,CPU_USAGE_2,CPU_USAGE_20,CPU_USAGE_21,CPU_USAGE_22,CPU_USAGE_23,CPU_USAGE_24,CPU_USAGE_25,CPU_USAGE_26,CPU_USAGE_27,CPU_USAGE_28,CPU_USAGE_29,CPU_USAGE_3,CPU_USAGE_30,CPU_USAGE_31,CPU_USAGE_4,CPU_USAGE_5,CPU_USAGE_6,CPU_USAGE_7,CPU_USAGE_8,CPU_USAGE_9,DRAM_ENERGY (J),GPU0_MEMORY_TOTAL,GPU0_MEMORY_USED,GPU0_POWER (mWatts),GPU0_TEMPERATURE,GPU0_USAGE,PACKAGE_ENERGY (J),PP0_ENERGY (J),PP1_ENERGY (J),TOTAL_MEMORY,TOTAL_SWAP,USED_MEMORY,USED_SWAP
0,1760601490333,2662,800,3146,800,3837,800,5896,800,3653,4400,1645,800,5086,800,1153,2470,2428,2859,800,800,3529,1901,800,800,800,1804,3852,800,2030,800,1779,800,0,0,0,0,0,82.85714721679688,19.44444465637207,0,0,0,0,2.702702760696411,2.777777910232544,0,0,0,0,0,0,0,0,0,0,0,0,0,0,0,0,0,0,0,0,24564,357,4065,34,0,112513.91973876953,67087.69024658203,0,134868701184,8589930496,2641137664,7077888
200,1760601490333,2662,800,3146,800,3837,800,5896,800,3653,4400,1645,800,5086,800,1153,2470,2428,2859,800,800,3529,1901,800,800,800,1804,3852,800,2030,800,1779,800,0,0,0,0,0,82.85714721679688,19.44444465637207,0,0,0,0,2.702702760696411,2.777777910232544,0,0,0,0,0,0,0,0,0,0,0,0,0,0,0,0,0,0,0,0,24564,357,4065,34,0,112514.44702148438,67088.10583496094,0,134868701184,8589930496,2642944000,7077888
200,1760601490534,2662,800,3146,800,3837,800,5896,800,3653,4400,1645,800,5086,800,1153,2470,2428,2859,800,800,3529,1901,800,800,800,1804,3852,800,2030,800,1779,800,4.545454502105713,8.69565200805664,4.545454502105713,4.545454502105713,9.090909004211426,100,30.434782028198242,8.69565200805664,8.69565200805664,8.69565200805664,4.545454502105713,4.545454502105713,13.636363983154297,4.545454502105713,4.545454502105713,4.761904716491699,4.545454502105713,8.69565200805664,4.545454502105713,4.545454502105713,4.545454502105713,8.69565200805664,4.545454502105713,4.545454502105713,4.545454502105713,8.69565200805664,65.21739196777344,4.545454502105713,8.69565200805664,8.69565200805664,4.545454502105713,8.69565200805664,0,24564,357,4065,34,0,112526.34301757813,67097.69592285156,0,134868701184,8589930496,2836287488,7077888
200,1760601490734,2662,800,3146,800,3837,800,5896,800,3653,4400,1645,800,5086,800,1153,2470,2428,2859,800,800,3529,1901,800,800,800,1804,3852,800,2030,800,1779,800,40,35,35,35,100,35,100,35,35,36.842105865478516,35,35,35,35,35,35,35,35,35,35,35,35,35,35,35,35,35,35,35,35,35,35,0,24564,357,4106,34,0,112545.84460449219,67114.89147949219,0,134868701184,8589930496,2889703424,7077888
200,1760601490934,2662,800,3146,800,3837,800,5896,800,3653,4400,1645,800,5086,800,1153,2470,2428,2859,800,800,3529,1901,800,800,800,1804,3852,800,2030,800,1779,800,0,0,0,0,100,0,100,0,0,0,0,0,0,0,0,0,0,0,0,0,0,0,0,0,0,0,0,0,0,0,0,0,0,24564,357,4106,34,0,112556.56127929688,67123.32830810547,0,134868701184,8589930496,2939248640,7077888
200,1760601491134,2662,800,3146,800,3837,800,5896,800,3653,4400,1645,800,5086,800,1153,2470,2428,2859,800,800,3529,1901,800,800,800,1804,3852,800,2030,800,1779,800,0,0,0,0,15.000000953674316,85,100,0,0,0,0,0,0,0,0,0,0,0,0,0,0,0,0,0,0,0,0,0,9.090909004211426,0,0,0,0,24564,357,4106,34,0,112567.06829833984,67131.54461669922,0,134868701184,8589930496,2979995648,7077888
200,1760601491334,2662,800,3146,800,3837,800,5896,800,3653,4400,1645,800,5086,800,1153,2470,2428,2859,800,800,3529,1901,800,800,800,1804,3852,800,2030,800,1779,800,0,0,0,0,0,100,100,0,0,0,0,0,0,0,0,0,0,0,0,0,0,0,0,0,0,0,0,0,0,0,0,0,0,24564,357,4106,34,0,112577.6812133789,67139.85052490234,0,134868701184,8589930496,3008897024,7077888
200,1760601491535,2662,800,3146,800,3837,800,5896,800,3653,4400,1645,800,5086,800,1153,2470,2428,2859,800,800,3529,1901,800,800,800,1804,3852,800,2030,800,1779,800,0,0,0,0,0,100,100,0,0,0,0,0,0,0,0,0,0,0,0,0,4.761904716491699,0,0,0,0,0,0,0,5,0,0,0,0,24564,357,4106,34,0,112588.09973144531,67147.99884033203,0,134868701184,8589930496,3034185728,7077888
200,1760601491735,2662,800,3146,800,3837,800,5896,800,3653,4400,1645,800,5086,800,1153,2470,2428,2859,800,800,3529,1901,800,800,800,1804,3852,800,2030,800,1779,800,0,0,0,0,0,100,90,0,0,0,0,0,19.047618865966797,0,0,0,0,0,0,0,0,0,0,0,0,0,0,0,0,0,0,0,0,24564,357,4152,34,0,112599.31970214844,67156.9282836914,0,134868701184,8589930496,3049664512,7077888
200,1760601491935,2662,800,3146,800,3837,800,5896,800,3653,4400,1645,800,5086,800,1153,2470,2428,2859,800,800,3529,1901,800,800,800,1804,3852,800,2030,800,1779,800,42.105262756347656,42.105262756347656,42.105262756347656,45,40,100,100,40,40,45,42.85714340209961,42.105262756347656,45,42.85714340209961,42.105262756347656,42.85714340209961,45,42.105262756347656,45,42.85714340209961,42.85714340209961,40,45,40,42.85714340209961,42.105262756347656,45,45,45,40,45,42.105262756347656,0,24564,357,4152,34,0,112619.55474853516,67174.84295654297,0,134868701184,8589930496,3072593920,7077888
200,1760601492135,2662,800,3146,800,3837,800,5896,800,3653,4400,1645,800,5086,800,1153,2470,2428,2859,800,800,3529,1901,800,800,800,1804,3852,800,2030,800,1779,800,0,0,0,0,0,100,60.000003814697266,40,0,0,0,0,0,0,0,0,0,0,0,0,0,0,0,0,0,0,0,0,4.761904716491699,0,0,0,0,24564,357,4152,34,0,112631.41381835938,67184.38116455078,0,134868701184,8589930496,3086848000,7077888
200,1760601492335,2662,800,3146,800,3837,800,5896,800,3653,4400,1645,800,5086,800,1153,2470,2428,2859,800,800,3529,1901,800,800,800,1804,3852,800,2030,800,1779,800,0,0,0,0,0,100,0,100,4.761904716491699,0,0,0,0,0,0,0,0,0,0,0,0,0,0,0,0,0,0,0,0,0,0,0,0,24564,357,4152,34,0,112641.94439697266,67192.61645507813,0,134868701184,8589930496,3102588928,7077888
200,1760601492535,2662,800,3146,800,3837,800,5896,800,3653,4400,1645,800,5086,800,1153,2470,2428,2859,800,800,3529,1901,800,800,800,1804,3852,800,2030,800,1779,800,0,0,0,0,0,100,40,26.3157901763916,0,0,0,0,5.263157844543457,0,0,10,0,0,0,0,0,0,0,0,0,0,0,0,0,0,0,0,0,24564,357,4152,34,0,112652.08715820313,67200.47644042969,0,134868701184,8589930496,3143864320,7077888
200,1760601492735,2662,800,3146,800,3837,800,5896,800,3653,4400,1645,800,5086,800,1153,2470,2428,2859,800,800,3529,1901,800,800,800,1804,3852,800,2030,800,1779,800,0,0,0,0,0,100,9.523809432983398,90.47618865966797,0,0,0,0,0,0,0,0,0,0,0,0,0,0,0,0,0,0,0,0,4.761904716491699,0,0,0,0,24564,357,4113,34,0,112662.63830566406,67208.69171142578,0,134868701184,8589930496,3252727808,7077888
200,1760601492936,2662,800,3146,800,3837,800,5896,800,3653,4400,1645,800,5086,800,1153,2470,2428,2859,800,800,3529,1901,800,800,800,1804,3852,800,2030,800,1779,800,10,0,0,0,0,100,78.94737243652344,5.263157844543457,0,0,0,0,0,0,0,0,0,0,0,0,0,5,0,0,0,0,0,0,5,0,0,0,0,24564,357,4113,34,0,112672.5796508789,67216.24621582031,0,134868701184,8589930496,3400073216,7077888
200,1760601493136,2662,800,3146,800,3837,800,5896,800,3653,4400,1645,800,5086,800,1153,2470,2428,2859,800,800,3529,1901,800,800,800,1804,3852,800,2030,800,1779,800,4.761904716491699,0,0,0,95,9.523809432983398,100,0,0,0,0,0,0,0,0,0,0,0,0,0,0,0,0,0,0,0,0,0,4.761904716491699,0,0,0,0,24564,357,4113,34,0,112683.08209228516,67224.42297363281,0,134868701184,8589930496,3449102336,7077888
200,1760601493336,2662,800,3146,800,3837,800,5896,800,3653,4400,1645,800,5086,800,1153,2470,2428,2859,800,800,3529,1901,800,800,800,1804,3852,800,2030,800,1779,800,5,0,0,0,100,0,85,10,0,0,0,0,0,0,0,0,0,0,0,0,0,0,0,0,0,0,0,0,0,0,0,0,0,24564,357,4113,34,0,112693.55865478516,67232.57458496094,0,134868701184,8589930496,3452903424,7077888
200,1760601493536,2662,800,3146,800,3837,800,5896,800,3653,4400,1645,800,5086,800,1153,2470,2428,2859,800,800,3529,1901,800,800,800,1804,3852,800,2030,800,1779,800,0,0,0,0,100,0,100,0,5,0,0,0,0,0,0,0,0,0,0,0,0,0,0,0,0,0,0,0,5,0,0,0,0,24564,357,4113,34,0,112703.849609375,67240.51470947266,0,134868701184,8589930496,3491827712,7077888
200,1760601493736,2662,800,3146,800,3837,800,5896,800,3653,4400,1645,800,5086,800,1153,2470,2428,2859,800,800,3529,1901,800,800,800,1804,3852,800,2030,800,1779,800,0,0,0,0,100,0,78.94737243652344,0,0,5.263157844543457,0,0,0,0,0,0,0,0,0,0,0,0,0,0,0,0,0,0,0,0,0,0,0,24564,809,6451,36,0,112713.12860107422,67247.30871582031,0,134868701184,8589930496,3608502272,7077888
200,1760601493936,2662,800,3146,800,3837,800,5896,800,3653,4400,1645,800,5086,800,1153,2470,2428,2859,800,800,3529,1901,800,800,800,1804,3852,800,2030,800,1779,800,10,10,10,0,100,0,100,10,10,5,5,5.263157844543457,10,5,0,5,5,5,0,0,0,5,5.263157844543457,10,0,5,10,10,10.526315689086914,0,19.047618865966797,10,0,24564,1837,17631,36,4,112724.80114746094,67256.31256103516,0,134868701184,8589930496,3831324672,7077888
200,1760601494136,2662,800,3146,800,3837,800,5896,800,3653,4400,1645,800,5086,800,1153,2470,2428,2859,800,800,3529,1901,800,800,800,1804,3852,800,2030,800,1779,800,0,85,4.761904716491699,0,100,0,100,0,0,0,0,4.761904716491699,0,0,0,0,0,0,0,14.285715103149414,0,0,0,0,0,0,0,0,4.761904716491699,0,0,0,0,24564,7821,24132,36,8,112740.29846191406,67268.79174804688,0,134868701184,8589930496,3893198848,7077888
200,1760601494337,2662,800,3146,800,3837,800,5896,800,3653,4400,1645,800,5086,800,1153,2470,2428,2859,800,800,3529,1901,800,800,800,1804,3852,800,2030,800,1779,800,0,100,0,0,100,0,100,0,0,0,0,0,0,0,0,0,0,0,4.761904716491699,0,0,0,0,0,0,0,0,0,5,0,0,0,0,24564,7821,29574,37,69,112756.1215209961,67281.42639160156,0,134868701184,8589930496,3897069568,7077888
200,1760601494537,2662,800,3146,800,3837,800,5896,800,3653,4400,1645,800,5086,800,1153,2470,2428,2859,800,800,3529,1901,800,800,800,1804,3852,800,2030,800,1779,800,0,100,0,0,100,0,100,0,0,0,0,0,0,0,0,0,0,0,0,0,0,0,0,0,0,0,0,0,5,0,0,0,0,24564,7821,34140,37,54,112771.71765136719,67294.02685546875,0,134868701184,8589930496,3897069568,7077888
200,1760601494737,2662,800,3146,800,3837,800,5896,800,3653,4400,1645,800,5086,800,1153,2470,2428,2859,800,800,3529,1901,800,800,800,1804,3852,800,2030,800,1779,800,0,100,0,0,100,0,100,0,0,0,0,0,0,0,0,0,0,0,0,0,0,0,0,0,0,0,0,0,0,0,0,0,0,24564,7069,64501,37,38,112786.5484008789,67306.09796142578,0,134868701184,8589930496,3897069568,7077888
200,1760601494937,2662,800,3146,800,3837,800,5896,800,3653,4400,1645,800,5086,800,1153,2470,2428,2859,800,800,3529,1901,800,800,800,1804,3852,800,2030,800,1779,800,0,100,0,0,100,0,100,0,0,0,0,0,0,0,0,0,0,0,0,0,0,0,0,0,0,0,0,0,0,0,0,0,0,24564,7069,65561,37,7,112802.11767578125,67319.10107421875,0,134868701184,8589930496,3902504960,7077888
200,1760601495137,2662,800,3146,800,3837,800,5896,800,3653,4400,1645,800,5086,800,1153,2470,2428,2859,800,800,3529,1901,800,800,800,1804,3852,800,2030,800,1779,800,5.263157844543457,19.047618865966797,0,0,30.000001907348633,70,35,63.6363639831543,0,0,0,0,0,0,5,0,0,0,0,0,0,0,0,0,0,0,0,0,4.761904716491699,5,0,0,0,24564,7069,65632,37,0,112814.630859375,67329.0824584961,0,134868701184,8589930496,3886673920,7077888
200,1760601495337,2662,800,3146,800,3837,800,5896,800,3653,4400,1645,800,5086,800,1153,2470,2428,2859,800,800,3529,1901,800,800,800,1804,3852,800,2030,800,1779,800,0,0,0,0,0,100,0,100,0,0,0,0,0,0,0,0,0,0,0,0,0,0,0,0,0,0,0,0,0,0,0,0,0,24564,7069,65683,37,0,112825.72772216797,67337.78161621094,0,134868701184,8589930496,3888222208,7077888
200,1760601495537,2662,800,3146,800,3837,800,5896,800,3653,4400,1645,800,5086,800,1153,2470,2428,2859,800,800,3529,1901,800,800,800,1804,3852,800,2030,800,1779,800,0,0,0,0,0,100,0,100,0,0,0,0,0,0,4.761904716491699,0,0,0,0,0,0,0,0,0,0,0,0,0,9.090909004211426,0,0,0,0,24564,7069,64216,37,0,112836.86602783203,67346.48516845703,0,134868701184,8589930496,3892350976,7077888
200,1760601495738,2662,800,3146,800,3837,800,5896,800,3653,4400,1645,800,5086,800,1153,2470,2428,2859,800,800,3529,1901,800,800,800,1804,3852,800,2030,800,1779,800,0,0,0,0,0,100,42.105262756347656,60.000003814697266,0,0,0,0,0,0,0,0,0,0,0,0,0,0,0,0,0,0,0,0,0,0,0,0,0,24564,7069,63447,37,0,112847.87158203125,67355.08502197266,0,134868701184,8589930496,3894673408,7077888
200,1760601495938,2662,800,3146,800,3837,800,5896,800,3653,4400,1645,800,5086,800,1153,2470,2428,2859,800,800,3529,1901,800,800,800,1804,3852,800,2030,800,1779,800,0,0,0,0,0,100,75,25,0,0,0,0,0,0,0,0,0,0,0,0,0,4.761904716491699,0,0,0,0,0,0,0,0,0,0,0,24564,7069,63447,37,0,112859.01904296875,67363.81579589844,0,134868701184,8589930496,3897511936,7077888
200,1760601496138,2662,800,3146,800,3837,800,5896,800,3653,4400,1645,800,5086,800,1153,2470,2428,2859,800,800,3529,1901,800,800,800,1804,3852,800,2030,800,1779,800,0,0,0,0,0,100,90.47618865966797,10,0,0,0,0,0,0,0,0,0,0,0,0,0,0,0,0,0,0,0,0,5,0,0,0,0,24564,7069,63447,37,0,112870.05047607422,67372.45111083984,0,134868701184,8589930496,3897655296,7077888
200,1760601496338,2662,800,3146,800,3837,800,5896,800,3653,4400,1645,800,5086,800,1153,2470,2428,2859,800,800,3529,1901,800,800,800,1804,3852,800,2030,800,1779,800,0,0,0,0,0,100,55,45,0,0,0,0,0,0,0,0,0,0,0,0,0,0,0,0,0,0,0,0,0,0,0,0,0,24564,7069,63447,37,0,112881.0239868164,67381.0297241211,0,134868701184,8589930496,3900981248,7077888
200,1760601496538,2662,800,3146,800,3837,800,5896,800,3653,4400,1645,800,5086,800,1153,2470,2428,2859,800,800,3529,1901,800,800,800,1804,3852,800,2030,800,1779,800,0,0,0,0,0,100,100,0,0,0,0,0,0,0,0,0,0,0,0,0,0,0,0,0,0,0,0,0,5,0,0,0,0,24564,7069,63447,37,0,112891.39276123047,67388.9389038086,0,134868701184,8589930496,3934011392,7077888
200,1760601496738,2662,800,3146,800,3837,800,5896,800,3653,4400,1645,800,5086,800,1153,2470,2428,2859,800,800,3529,1901,800,800,800,1804,3852,800,2030,800,1779,800,0,0,0,0,0,100,100,0,0,0,4.761904716491699,0,0,0,0,0,0,0,0,0,0,0,0,0,0,0,0,0,0,0,0,0,0,24564,7069,62037,37,0,112902.23748779297,67397.34643554688,0,134868701184,8589930496,3925422080,7077888
200,1760601496938,2662,800,3146,800,3837,800,5896,800,3653,4400,1645,800,5086,800,1153,2470,2428,2859,800,800,3529,1901,800,800,800,1804,3852,800,2030,800,1779,800,0,0,0,0,0,100,75,0,0,0,0,10,14.285715103149414,0,0,0,0,0,0,0,0,0,0,0,0,0,0,0,5,0,0,0,0,24564,7069,61877,37,0,112913.10748291016,67405.77722167969,0,134868701184,8589930496,3944624128,7077888
200,1760601497139,2662,800,3146,800,3837,800,5896,800,3653,4400,1645,800,5086,800,1153,2470,2428,2859,800,800,3529,1901,800,800,800,1804,3852,800,2030,800,1779,800,0,0,0,0,0,100,100,0,0,0,0,0,0,0,0,0,0,0,0,0,0,0,0,0,0,0,0,0,0,0,0,0,0,24564,7069,61887,37,0,112924.26867675781,67414.533203125,0,134868701184,8589930496,3959848960,7077888
200,1760601497339,2662,800,3146,800,3837,800,5896,800,3653,4400,1645,800,5086,800,1153,2470,2428,2859,800,800,3529,1901,800,800,800,1804,3852,800,2030,800,1779,800,0,0,0,0,0,100,100,0,0,0,0,0,0,0,0,0,0,0,0,0,0,0,0,0,0,4.761904716491699,0,0,5,0,0,0,0,24564,7069,61891,37,0,112935.21417236328,67422.9906616211,0,134868701184,8589930496,3973525504,7077888
200,1760601497539,2662,800,3146,800,3837,800,5896,800,3653,4400,1645,800,5086,800,1153,2470,2428,2859,800,800,3529,1901,800,800,800,1804,3852,800,2030,800,1779,800,0,0,0,0,0,100,100,0,0,0,0,0,0,0,0,0,0,0,0,0,0,4.761904716491699,0,0,0,0,0,0,0,0,0,0,0,24564,7069,61885,37,0,112945.87731933594,67431.15631103516,0,134868701184,8589930496,3978686464,7077888
200,1760601497739,2662,800,3146,800,3837,800,5896,800,3653,4400,1645,800,5086,800,1153,2470,2428,2859,800,800,3529,1901,800,800,800,1804,3852,800,2030,800,1779,800,0,0,0,0,0,100,100,0,0,0,0,0,0,0,0,0,0,0,0,0,0,0,0,0,0,0,0,0,0,0,0,0,0,24564,7257,61815,37,0,112957.35137939453,67440.23834228516,0,134868701184,8589930496,4019716096,7077888
200,1760601497939,2662,800,3146,800,3837,800,5896,800,3653,4400,1645,800,5086,800,1153,2470,2428,2859,800,800,3529,1901,800,800,800,1804,3852,800,2030,800,1779,800,0,0,0,0,0,100,100,0,0,0,0,0,0,0,0,0,0,0,0,0,0,0,0,0,0,4.761904716491699,0,0,9.090909004211426,0,0,0,0,24564,7821,91296,49,5,112967.3374633789,67447.78399658203,0,134868701184,8589930496,4191277056,7077888
200,1760601498139,2662,800,3146,800,3837,800,5896,800,3653,4400,1645,800,5086,800,1153,2470,2428,2859,800,800,3529,1901,800,800,800,1804,3852,800,2030,800,1779,800,0,0,0,0,0,100,100,0,0,0,0,0,0,0,0,0,0,0,0,0,0,0,0,0,0,0,0,0,0,0,0,0,0,24564,8449,162709,44,100,112977.15606689453,67455.18829345703,0,134868701184,8589930496,4317175808,7077888
200,1760601498339,2662,800,3146,800,3837,800,5896,800,3653,4400,1645,800,5086,800,1153,2470,2428,2859,800,800,3529,1901,800,800,800,1804,3852,800,2030,800,1779,800,0,0,0,0,0,100,100,0,0,0,0,0,0,0,0,0,0,0,0,0,0,0,0,0,0,0,0,0,0,0,0,0,0,24564,8449,157363,39,56,112986.80364990234,67462.1177368164,0,134868701184,8589930496,4325175296,7077888
200,1760601498540,2662,800,3146,800,3837,800,5896,800,3653,4400,1645,800,5086,800,1153,2470,2428,2859,800,800,3529,1901,800,800,800,1804,3852,800,2030,800,1779,800,0,0,0,0,0,100,100,0,0,0,0,0,0,0,0,0,0,0,0,0,0,0,0,0,0,0,0,0,4.761904716491699,0,0,0,0,24564,21477,160410,38,12,112996.43603515625,67469.05017089844,0,134868701184,8589930496,4325859328,7077888
200,1760601498740,2662,800,3146,800,3837,800,5896,800,3653,4400,1645,800,5086,800,1153,2470,2428,2859,800,800,3529,1901,800,800,800,1804,3852,800,2030,800,1779,800,0,0,0,0,0,100,20,80,0,0,0,0,0,0,0,0,0,0,0,0,0,0,0,0,0,0,0,0,0,0,0,0,0,24564,21627,187983,49,13,113006.2119140625,67476.3432006836,0,134868701184,8589930496,4349759488,7077888
200,1760601498940,2662,800,3146,800,3837,800,5896,800,3653,4400,1645,800,5086,800,1153,2470,2428,2859,800,800,3529,1901,800,800,800,1804,3852,800,2030,800,1779,800,0,0,0,0,0,100,35,40,0,0,0,0,20,0,0,0,0,0,0,0,0,5.263157844543457,0,0,0,0,0,0,4.761904716491699,0,0,0,0,24564,21629,232356,47,73,113016.22155761719,67483.92761230469,0,134868701184,8589930496,4361314304,7077888
200,1760601499140,2662,800,3146,800,3837,800,5896,800,3653,4400,1645,800,5086,800,1153,2470,2428,2859,800,800,3529,1901,800,800,800,1804,3852,800,2030,800,1779,800,10,19.047618865966797,0,0,65,15.000000953674316,20,80,0,0,0,0,0,0,0,0,0,0,0,0,0,0,0,0,0,0,0,0,0,0,0,0,0,24564,21667,224504,48,68,113026.552734375,67491.82928466797,0,134868701184,8589930496,4390653952,7077888
200,1760601499340,2662,800,3146,800,3837,800,5896,800,3653,4400,1645,800,5086,800,1153,2470,2428,2859,800,800,3529,1901,800,800,800,1804,3852,800,2030,800,1779,800,0,0,0,0,100,0,23.809524536132813,65,0,0,0,0,10,0,0,0,0,0,0,0,0,0,0,0,0,0,0,0,4.761904716491699,0,0,0,0,24564,21735,230797,48,67,113036.98657226563,67499.8208618164,0,134868701184,8589930496,4425633792,7077888
200,1760601499540,2662,800,3146,800,3837,800,5896,800,3653,4400,1645,800,5086,800,1153,2470,2428,2859,800,800,3529,1901,800,800,800,1804,3852,800,2030,800,1779,800,0,0,0,0,100,0,80,23.809524536132813,0,0,0,0,0,0,0,0,0,0,0,0,0,0,0,0,0,0,0,0,0,0,0,0,0,24564,21783,272387,49,64,113047.12121582031,67507.51568603516,0,134868701184,8589930496,4463710208,7077888
200,1760601499741,2662,800,3146,800,3837,800,5896,800,3653,4400,1645,800,5086,800,1153,2470,2428,2859,800,800,3529,1901,800,800,800,1804,3852,800,2030,800,1779,800,21.052631378173828,0,0,0,100,0,42.105262756347656,31.57894515991211,0,0,0,0,0,0,0,0,0,0,0,0,0,0,0,0,0,0,0,0,4.761904716491699,0,0,0,0,24564,21823,303196,46,55,113057.59161376953,67515.52899169922,0,134868701184,8589930496,4521082880,7077888
200,1760601499941,2662,800,3146,800,3837,800,5896,800,3653,4400,1645,800,5086,800,1153,2470,2428,2859,800,800,3529,1901,800,800,800,1804,3852,800,2030,800,1779,800,0,0,0,0,100,0,35,70,0,0,0,0,0,0,0,0,0,0,0,0,0,0,0,0,0,0,0,0,5,0,0,0,0,24564,21891,282492,42,50,113068.0737915039,67523.54052734375,0,134868701184,8589930496,4568678400,7077888
200,1760601500141,2662,800,3146,800,3837,800,5896,800,3653,4400,1645,800,5086,800,1153,2470,2428,2859,800,800,3529,1901,800,800,800,1804,3852,800,2030,800,1779,800,0,0,0,0,100,0,0,100,0,0,0,0,0,4.761904716491699,0,0,0,0,0,0,0,0,0,0,0,0,0,0,0,0,0,0,0,24564,21969,254134,48,43,113078.28747558594,67531.29541015625,0,134868701184,8589930496,4647624704,7077888
200,1760601500341,2662,800,3146,800,3837,800,5896,800,3653,4400,1645,800,5086,800,1153,2470,2428,2859,800,800,3529,1901,800,800,800,1804,3852,800,2030,800,1779,800,0,0,0,0,100,0,55,40,0,0,0,0,0,0,0,0,0,0,0,0,0,0,0,0,0,0,0,0,0,4.761904716491699,0,0,0,24564,22007,251136,46,56,113088.52392578125,67539.08221435547,0,134868701184,8589930496,4710174720,7077888
200,1760601500541,2662,800,3146,800,3837,800,5896,800,3653,4400,1645,800,5086,800,1153,2470,2428,2859,800,800,3529,1901,800,800,800,1804,3852,800,2030,800,1779,800,0,0,0,0,100,0,20,85,0,0,0,0,0,0,0,0,0,0,0,0,0,0,0,0,0,0,0,0,0,0,0,0,0,24564,22061,243045,44,64,113098.79370117188,67546.9057006836,0,134868701184,8589930496,4758343680,7077888
200,1760601500741,2662,800,3146,800,3837,800,5896,800,3653,4400,1645,800,5086,800,1153,2470,2428,2859,800,800,3529,1901,800,800,800,1804,3852,800,2030,800,1779,800,0,0,0,0,100,0,70,26.3157901763916,0,0,0,0,0,0,0,0,0,0,0,0,0,0,0,0,0,0,0,0,0,4.761904716491699,0,0,0,24564,22111,223963,40,59,113108.96954345703,67554.51416015625,0,134868701184,8589930496,4794150912,7077888
200,1760601500941,2662,800,3146,800,3837,800,5896,800,3653,4400,1645,800,5086,800,1153,2470,2428,2859,800,800,3529,1901,800,800,800,1804,3852,800,2030,800,1779,800,0,0,0,0,100,0,100,0,0,0,0,0,0,0,0,0,0,0,0,0,0,0,0,0,0,0,0,0,0,0,0,0,0,24564,23307,199055,39,28,113119.33392333984,67562.32012939453,0,134868701184,8589930496,4901470208,7077888
200,1760601501142,2662,800,3146,800,3837,800,5896,800,3653,4400,1645,800,5086,800,1153,2470,2428,2859,800,800,3529,1901,800,800,800,1804,3852,800,2030,800,1779,800,0,0,31.57894515991211,0,100,0,30.000001907348633,4.761904716491699,19.047618865966797,0,0,0,0,0,0,0,0,0,0,0,0,9.523809432983398,0,0,4.761904716491699,0,0,0,0,4.761904716491699,5,0,0,24564,23307,177197,39,2,113128.83001708984,67569.19805908203,0,134868701184,8589930496,4923289600,7077888
200,1760601501342,2662,800,3146,800,3837,800,5896,800,3653,4400,1645,800,5086,800,1153,2470,2428,2859,800,800,3529,1901,800,800,800,1804,3852,800,2030,800,1779,800,0,0,0,0,100,0,89.47368621826172,0,0,0,0,0,0,0,0,0,0,0,0,0,0,0,0,4.761904716491699,0,0,0,0,0,0,15.000000953674316,0,0,24564,23311,148769,43,0,113139.44268798828,67577.29119873047,0,134868701184,8589930496,4954988544,7077888
200,1760601501542,2662,800,3146,800,3837,800,5896,800,3653,4400,1645,800,5086,800,1153,2470,2428,2859,800,800,3529,1901,800,800,800,1804,3852,800,2030,800,1779,800,0,0,0,0,100,0,100,0,0,0,0,0,0,0,0,0,0,0,4.761904716491699,0,0,0,0,0,0,0,0,0,0,4.761904716491699,0,0,0,24564,23311,149221,45,58,113149.20111083984,67584.64685058594,0,134868701184,8589930496,4954988544,7077888
200,1760601501742,2662,800,3146,800,3837,800,5896,800,3653,4400,1645,800,5086,800,1153,2470,2428,2859,800,800,3529,1901,800,800,800,1804,3852,800,2030,800,1779,800,0,0,0,0,100,0,100,0,0,0,0,0,0,0,0,0,0,0,0,0,0,0,0,0,0,0,0,0,0,0,0,0,0,24564,23311,160839,46,96,113158.9091796875,67591.95581054688,0,134868701184,8589930496,4954988544,7077888
200,1760601501942,2662,800,3146,800,3837,800,5896,800,3653,4400,1645,800,5086,800,1153,2470,2428,2859,800,800,3529,1901,800,800,800,1804,3852,800,2030,800,1779,800,0,0,0,0,100,0,100,0,0,0,0,0,0,5,0,0,0,0,0,0,0,0,0,0,0,0,0,0,0,0,0,0,0,24564,23311,187016,46,96,113168.68621826172,67599.33264160156,0,134868701184,8589930496,4955217920,7077888
200,1760601502142,2662,800,3146,800,3837,800,5896,800,3653,4400,1645,800,5086,800,1153,2470,2428,2859,800,800,3529,1901,800,800,800,1804,3852,800,2030,800,1779,800,4.761904716491699,0,0,0,100,0,80,0,0,0,0,0,0,0,0,0,0,0,0,0,0,0,0,0,0,0,0,0,0,5,10,0,0,24564,23311,224858,46,96,113178.39013671875,67606.63269042969,0,134868701184,8589930496,4955217920,7077888
200,1760601502342,2662,800,3146,800,3837,800,5896,800,3653,4400,1645,800,5086,800,1153,2470,2428,2859,800,800,3529,1901,800,800,800,1804,3852,800,2030,800,1779,800,0,0,0,0,100,0,100,0,4.761904716491699,0,0,0,0,0,0,0,0,0,0,0,4.761904716491699,0,0,0,0,0,0,0,0,0,0,0,0,24564,23311,264224,46,96,113188.09307861328,67613.93072509766,0,134868701184,8589930496,4946960384,7077888
200,1760601502543,2662,800,3146,800,3837,800,5896,800,3653,4400,1645,800,5086,800,1153,2470,2428,2859,800,800,3529,1901,800,800,800,1804,3852,800,2030,800,1779,800,0,0,0,0,100,0,85,0,15.000000953674316,0,0,0,4.761904716491699,0,0,0,0,0,0,0,0,0,0,0,0,0,0,0,0,5,0,0,0,24564,23311,280730,46,95,113197.68975830078,67621.11590576172,0,134868701184,8589930496,4950831104,7077888
200,1760601502743,2662,800,3146,800,3837,800,5896,800,3653,4400,1645,800,5086,800,1153,2470,2428,2859,800,800,3529,1901,800,800,800,1804,3852,800,2030,800,1779,800,0,0,5,0,100,0,80,0,15.000000953674316,0,0,0,0,0,0,0,0,0,0,0,0,0,0,0,0,0,0,0,0,0,4.761904716491699,0,0,24564,23311,280452,46,96,113207.3179321289,67628.34106445313,0,134868701184,8589930496,4950831104,7077888
199,1760601502943,2662,800,3146,800,3837,800,5896,800,3653,4400,1645,800,5086,800,1153,2470,2428,2859,800,800,3529,1901,800,800,800,1804,3852,800,2030,800,1779,800,0,0,0,0,100,0,100,0,0,0,0,0,0,0,0,0,0,0,4.761904716491699,4.761904716491699,0,0,0,0,0,0,0,0,0,4.761904716491699,0,0,0,24564,23311,280135,46,96,113217.08837890625,67635.7222290039,0,134868701184,8589930496,4950814720,7077888
199,1760601503143,2662,800,3146,800,3837,800,5896,800,3653,4400,1645,800,5086,800,1153,2470,2428,2859,800,800,3529,1901,800,800,800,1804,3852,800,2030,800,1779,800,5,0,0,0,100,0,85,0,0,0,0,0,0,0,0,0,0,0,0,0,0,0,0,0,4.761904716491699,0,0,0,0,0,15.000000953674316,0,0,24564,23311,280197,46,96,113226.87963867188,67643.11334228516,0,134868701184,8589930496,4967071744,7077888
200,1760601503343,2662,800,3146,800,3837,800,5896,800,3653,4400,1645,800,5086,800,1153,2470,2428,2859,800,800,3529,1901,800,800,800,1804,3852,800,2030,800,1779,800,0,0,0,0,100,0,85,0,20,0,0,0,0,0,0,0,0,0,0,0,0,0,0,0,0,0,0,0,0,0,4.761904716491699,0,0,24564,23311,280251,46,96,113236.38305664063,67650.22845458984,0,134868701184,8589930496,4967071744,7077888
200,1760601503543,2662,800,3146,800,3837,800,5896,800,3653,4400,1645,800,5086,800,1153,2470,2428,2859,800,800,3529,1901,800,800,800,1804,3852,800,2030,800,1779,800,0,0,0,0,100,0,100,0,0,0,0,0,0,0,0,0,0,0,0,0,0,0,0,0,0,0,0,0,0,0,0,0,0,24564,23311,279801,46,96,113246.06970214844,67657.54675292969,0,134868701184,8589930496,4967071744,7077888
200,1760601503743,2662,800,3146,800,3837,800,5896,800,3653,4400,1645,800,5086,800,1153,2470,2428,2859,800,800,3529,1901,800,800,800,1804,3852,800,2030,800,1779,800,5,0,0,0,100,0,100,0,0,0,0,0,0,0,0,0,0,0,0,0,0,0,0,0,0,0,4.761904716491699,0,4.761904716491699,0,0,0,0,24564,23311,279977,46,96,113255.80700683594,67664.9146118164,0,134868701184,8589930496,4967071744,7077888
200,1760601503943,2662,800,3146,800,3837,800,5896,800,3653,4400,1645,800,5086,800,1153,2470,2428,2859,800,800,3529,1901,800,800,800,1804,3852,800,2030,800,1779,800,5,0,0,0,100,0,90,5,0,0,0,0,0,0,0,0,0,0,0,0,0,0,0,0,0,0,0,0,5,0,0,0,0,24564,23311,279539,46,96,113265.5386352539,67672.27355957031,0,134868701184,8589930496,4948381696,7077888
200,1760601504143,2662,800,3146,800,3837,800,5896,800,3653,4400,1645,800,5086,800,1153,2470,2428,2859,800,800,3529,1901,800,800,800,1804,3852,800,2030,800,1779,800,0,0,0,0,100,0,100,0,0,4.761904716491699,0,0,0,0,0,0,0,0,0,0,0,0,0,0,0,0,4.761904716491699,0,0,0,0,0,0,24564,23311,279416,46,95,113275.49230957031,67679.84588623047,0,134868701184,8589930496,4964638720,7077888
200,1760601504343,2662,800,3146,800,3837,800,5896,800,3653,4400,1645,800,5086,800,1153,2470,2428,2859,800,800,3529,1901,800,800,800,1804,3852,800,2030,800,1779,800,5,4.761904716491699,10,0,100,0,85,0,10,0,0,0,0,0,0,0,0,0,0,0,0,0,0,0,0,4.761904716491699,0,0,0,0,0,0,0,24564,23311,279255,47,96,113285.60363769531,67687.58935546875,0,134868701184,8589930496,4964638720,7077888
200,1760601504543,2662,800,3146,800,3837,800,5896,800,3653,4400,1645,800,5086,800,1153,2470,2428,2859,800,800,3529,1901,800,800,800,1804,3852,800,2030,800,1779,800,0,0,0,0,100,0,100,0,4.761904716491699,0,0,0,0,0,0,0,0,0,0,0,0,0,0,0,0,0,0,0,0,0,0,0,0,24564,23311,279319,47,96,113295.85931396484,67695.47717285156,0,134868701184,8589930496,4964638720,7077888
200,1760601504743,2662,800,3146,800,3837,800,5896,800,3653,4400,1645,800,5086,800,1153,2470,2428,2859,800,800,3529,1901,800,800,800,1804,3852,800,2030,800,1779,800,0,0,0,0,100,0,85,0,5,0,0,0,0,0,0,0,0,0,0,0,0,0,0,0,0,0,10,0,0,0,0,0,0,24564,23311,279242,47,97,113305.98992919922,67703.22973632813,0,134868701184,8589930496,4964638720,7077888
200,1760601504943,2662,800,3146,800,3837,800,5896,800,3653,4400,1645,800,5086,800,1153,2470,2428,2859,800,800,3529,1901,800,800,800,1804,3852,800,2030,800,1779,800,4.761904716491699,0,0,0,100,0,80.95238494873047,0,10,0,0,0,0,0,0,0,0,0,0,0,0,0,0,0,0,0,0,0,0,0,10,0,0,24564,23311,279197,47,96,113316.11547851563,67710.97375488281,0,134868701184,8589930496,4964143104,7077888
200,1760601505143,2662,800,3146,800,3837,800,5896,800,3653,4400,1645,800,5086,800,1153,2470,2428,2859,800,800,3529,1901,800,800,800,1804,3852,800,2030,800,1779,800,0,0,0,0,100,0,100,0,0,0,0,0,4.761904716491699,0,0,0,0,0,0,0,0,0,0,0,0,0,0,0,0,0,0,0,0,24564,23311,279532,47,96,113326.37396240234,67718.87139892578,0,134868701184,8589930496,4964143104,7077888
200,1760601505343,2662,800,3146,800,3837,800,5896,800,3653,4400,1645,800,5086,800,1153,2470,2428,2859,800,800,3529,1901,800,800,800,1804,3852,800,2030,800,1779,800,0,0,0,0,100,0,100,0,0,0,0,0,0,0,0,0,0,0,0,0,0,0,0,0,0,0,0,0,0,0,4.761904716491699,0,0,24564,23311,279711,47,96,113336.73266601563,67726.85620117188,0,134868701184,8589930496,4964139008,7077888
200,1760601505544,2662,800,3146,800,3837,800,5896,800,3653,4400,1645,800,5086,800,1153,2470,2428,2859,800,800,3529,1901,800,800,800,1804,3852,800,2030,800,1779,800,4.761904716491699,0,0,0,100,0,100,0,0,0,0,0,0,0,0,0,0,0,0,0,0,0,0,0,0,0,0,0,0,0,0,0,0,24564,23311,280114,47,97,113346.93432617188,67734.69616699219,0,134868701184,8589930496,4964134912,7077888
200,1760601505744,2662,800,3146,800,3837,800,5896,800,3653,4400,1645,800,5086,800,1153,2470,2428,2859,800,800,3529,1901,800,800,800,1804,3852,800,2030,800,1779,800,5,0,0,0,100,0,100,0,0,0,0,0,0,0,0,0,0,0,0,0,0,0,0,0,0,0,0,0,0,0,0,0,0,24564,23311,280285,47,97,113357.3345336914,67742.72271728516,0,134868701184,8589930496,4964134912,7077888
200,1760601505944,2662,800,3146,800,3837,800,5896,800,3653,4400,1645,800,5086,800,1153,2470,2428,2859,800,800,3529,1901,800,800,800,1804,3852,800,2030,800,1779,800,5,0,0,0,100,0,100,0,0,0,0,0,0,0,0,0,0,0,0,0,0,0,0,0,0,0,0,0,0,0,0,0,0,24564,23311,280606,47,97,113367.69018554688,67750.71405029297,0,134868701184,8589930496,4964134912,7077888
200,1760601506144,2662,800,3146,800,3837,800,5896,800,3653,4400,1645,800,5086,800,1153,2470,2428,2859,800,800,3529,1901,800,800,800,1804,3852,800,2030,800,1779,800,0,0,0,0,100,0,100,0,0,0,0,0,5,0,0,0,0,0,0,0,0,0,0,0,0,0,4.761904716491699,0,0,0,0,0,0,24564,23311,280529,47,96,113377.98046875,67758.63653564453,0,134868701184,8589930496,4964134912,7077888
199,1760601506344,2662,800,3146,800,3837,800,5896,800,3653,4400,1645,800,5086,800,1153,2470,2428,2859,800,800,3529,1901,800,800,800,1804,3852,800,2030,800,1779,800,5,4.761904716491699,0,0,100,0,100,0,0,0,0,0,0,0,0,0,0,0,0,0,0,0,0,0,0,0,0,0,0,0,0,0,0,24564,23311,280822,47,97,113388.22058105469,67766.5131225586,0,134868701184,8589930496,4964134912,7077888
199,1760601506544,2662,800,3146,800,3837,800,5896,800,3653,4400,1645,800,5086,800,1153,2470,2428,2859,800,800,3529,1901,800,800,800,1804,3852,800,2030,800,1779,800,5,0,0,0,100,0,100,0,0,0,0,0,0,0,0,0,0,0,0,0,0,0,0,0,0,0,0,0,0,0,0,0,0,24564,23311,280902,47,97,113398.56994628906,67774.4927368164,0,134868701184,8589930496,4964134912,7077888
199,1760601506744,2662,800,3146,800,3837,800,5896,800,3653,4400,1645,800,5086,800,1153,2470,2428,2859,800,800,3529,1901,800,800,800,1804,3852,800,2030,800,1779,800,0,0,0,0,100,0,100,0,0,0,0,0,0,0,0,0,0,0,0,0,0,0,0,0,0,0,0,0,0,0,0,0,0,24564,23311,280858,47,97,113408.93450927734,67782.48907470703,0,134868701184,8589930496,4964134912,7077888
200,1760601506944,2662,800,3146,800,3837,800,5896,800,3653,4400,1645,800,5086,800,1153,2470,2428,2859,800,800,3529,1901,800,800,800,1804,3852,800,2030,800,1779,800,0,0,0,0,100,0,100,0,0,0,0,0,0,0,0,0,0,0,0,0,0,0,0,0,0,0,0,0,0,0,0,0,0,24564,23311,280850,47,97,113419.29461669922,67790.48651123047,0,134868701184,8589930496,4953456640,7077888
200,1760601507144,2662,800,3146,800,3837,800,5896,800,3653,4400,1645,800,5086,800,1153,2470,2428,2859,800,800,3529,1901,800,800,800,1804,3852,800,2030,800,1779,800,0,0,0,0,100,0,100,0,0,0,0,0,0,0,0,0,0,0,0,0,0,0,0,0,0,0,0,0,4.761904716491699,0,4.761904716491699,0,0,24564,23311,280739,47,96,113429.65478515625,67798.47967529297,0,134868701184,8589930496,4968710144,7077888
200,1760601507344,2662,800,3146,800,3837,800,5896,800,3653,4400,1645,800,5086,800,1153,2470,2428,2859,800,800,3529,1901,800,800,800,1804,3852,800,2030,800,1779,800,0,0,0,0,100,0,100,0,0,0,0,0,0,0,0,0,0,0,0,0,0,0,0,0,0,0,0,0,0,0,0,0,0,24564,23311,280775,47,97,113439.61163330078,67806.06945800781,0,134868701184,8589930496,4965068800,7077888
200,1760601507544,2662,800,3146,800,3837,800,5896,800,3653,4400,1645,800,5086,800,1153,2470,2428,2859,800,800,3529,1901,800,800,800,1804,3852,800,2030,800,1779,800,0,0,0,0,100,0,100,0,0,0,0,0,5,0,0,0,0,0,0,0,0,0,0,0,0,0,4.761904716491699,0,4.761904716491699,0,0,0,0,24564,23311,280867,47,97,113449.49072265625,67813.5825805664,0,134868701184,8589930496,4965064704,7077888
200,1760601507744,2662,800,3146,800,3837,800,5896,800,3653,4400,1645,800,5086,800,1153,2470,2428,2859,800,800,3529,1901,800,800,800,1804,3852,800,2030,800,1779,800,4.761904716491699,0,0,0,100,0,100,0,0,0,0,0,0,0,0,0,0,0,0,0,0,0,0,0,0,0,0,0,0,0,0,0,0,24564,23311,280986,47,97,113459.80450439453,67821.51684570313,0,134868701184,8589930496,4981321728,7077888
200,1760601507944,2662,800,3146,800,3837,800,5896,800,3653,4400,1645,800,5086,800,1153,2470,2428,2859,800,800,3529,1901,800,800,800,1804,3852,800,2030,800,1779,800,0,0,0,0,100,0,100,0,0,0,0,0,0,0,0,0,0,0,0,0,0,0,0,0,0,0,0,0,0,0,0,0,0,24564,23311,281135,47,97,113470.00762939453,67829.36218261719,0,134868701184,8589930496,4981321728,7077888
200,1760601508144,2662,800,3146,800,3837,800,5896,800,3653,4400,1645,800,5086,800,1153,2470,2428,2859,800,800,3529,1901,800,800,800,1804,3852,800,2030,800,1779,800,0,0,0,0,100,0,100,0,0,0,0,0,0,0,0,0,0,0,0,0,0,0,0,0,0,0,0,0,0,0,0,0,0,24564,23311,281595,47,97,113480.37200927734,67837.35375976563,0,134868701184,8589930496,4981321728,7077888
200,1760601508344,2662,800,3146,800,3837,800,5896,800,3653,4400,1645,800,5086,800,1153,2470,2428,2859,800,800,3529,1901,800,800,800,1804,3852,800,2030,800,1779,800,0,0,0,0,100,0,100,0,0,0,0,0,0,0,0,0,0,0,0,0,0,0,0,0,0,0,0,0,0,0,0,0,0,24564,23311,281796,47,97,113490.7886352539,67845.40075683594,0,134868701184,8589930496,4981321728,7077888
200,1760601508544,2662,800,3146,800,3837,800,5896,800,3653,4400,1645,800,5086,800,1153,2470,2428,2859,800,800,3529,1901,800,800,800,1804,3852,800,2030,800,1779,800,5,0,0,0,100,0,100,0,0,0,0,0,0,0,0,0,0,0,0,0,0,0,0,0,0,0,0,0,0,0,4.761904716491699,0,0,24564,23311,281589,47,97,113501.22857666016,67853.47955322266,0,134868701184,8589930496,4981321728,7077888
200,1760601508744,2662,800,3146,800,3837,800,5896,800,3653,4400,1645,800,5086,800,1153,2470,2428,2859,800,800,3529,1901,800,800,800,1804,3852,800,2030,800,1779,800,0,0,0,0,100,0,100,0,0,0,0,0,0,0,0,0,0,0,0,0,0,0,0,0,0,0,0,0,0,0,0,0,0,24564,23311,281641,47,96,113511.71990966797,67861.59893798828,0,134868701184,8589930496,4981321728,7077888
200,1760601508944,2662,800,3146,800,3837,800,5896,800,3653,4400,1645,800,5086,800,1153,2470,2428,2859,800,800,3529,1901,800,800,800,1804,3852,800,2030,800,1779,800,4.761904716491699,0,0,0,100,0,100,0,0,0,0,0,0,0,0,0,0,0,0,0,0,0,0,0,0,0,0,0,0,0,0,0,0,24564,23311,281722,47,97,113522.44323730469,67869.96264648438,0,134868701184,8589930496,4981321728,7077888
200,1760601509144,2662,800,3146,800,3837,800,5896,800,3653,4400,1645,800,5086,800,1153,2470,2428,2859,800,800,3529,1901,800,800,800,1804,3852,800,2030,800,1779,800,5,0,0,0,0,100,100,0,0,0,0,0,0,0,0,0,0,0,0,0,0,0,0,0,0,0,0,0,0,0,0,0,0,24564,23311,281431,47,96,113533.35205078125,67878.4984741211,0,134868701184,8589930496,4979924992,7077888
200,1760601509345,2662,800,3146,800,3837,800,5896,800,3653,4400,1645,800,5086,800,1153,2470,2428,2859,800,800,3529,1901,800,800,800,1804,3852,800,2030,800,1779,800,5,0,0,0,0,100,100,0,0,0,0,0,0,0,0,0,0,0,0,0,0,0,0,0,0,0,0,0,0,0,0,0,0,24564,23311,281401,48,97,113544.48132324219,67887.25714111328,0,134868701184,8589930496,4979924992,7077888
200,1760601509545,2662,800,3146,800,3837,800,5896,800,3653,4400,1645,800,5086,800,1153,2470,2428,2859,800,800,3529,1901,800,800,800,1804,3852,800,2030,800,1779,800,4.761904716491699,0,0,0,0,100,100,0,0,0,0,0,0,0,0,0,0,0,0,0,0,0,0,0,0,0,0,0,0,0,0,0,0,24564,23311,281356,48,97,113555.01501464844,67895.42944335938,0,134868701184,8589930496,4979924992,7077888
199,1760601509745,2662,800,3146,800,3837,800,5896,800,3653,4400,1645,800,5086,800,1153,2470,2428,2859,800,800,3529,1901,800,800,800,1804,3852,800,2030,800,1779,800,0,4.761904716491699,0,0,0,100,100,0,0,0,0,0,0,0,0,0,0,0,0,0,0,0,0,0,0,0,0,0,0,0,0,0,0,24564,23311,281486,48,97,113565.37756347656,67903.42932128906,0,134868701184,8589930496,4979924992,7077888
199,1760601509945,2662,800,3146,800,3837,800,5896,800,3653,4400,1645,800,5086,800,1153,2470,2428,2859,800,800,3529,1901,800,800,800,1804,3852,800,2030,800,1779,800,5,0,0,0,0,100,100,0,0,0,0,0,0,0,0,0,0,0,0,0,0,0,0,0,0,0,4.761904716491699,0,0,0,0,0,0,24564,23311,281545,48,96,113575.8779296875,67911.55889892578,0,134868701184,8589930496,4979920896,7077888
199,1760601510145,2662,800,3146,800,3837,800,5896,800,3653,4400,1645,800,5086,800,1153,2470,2428,2859,800,800,3529,1901,800,800,800,1804,3852,800,2030,800,1779,800,0,0,0,0,0,100,100,0,5,0,0,0,0,0,0,0,0,0,0,0,0,0,0,0,0,0,0,0,5,0,0,0,0,24564,23311,281671,48,97,113586.40295410156,67919.72802734375,0,134868701184,8589930496,4977774592,7077888
199,1760601510345,2662,800,3146,800,3837,800,5896,800,3653,4400,1645,800,5086,800,1153,2470,2428,2859,800,800,3529,1901,800,800,800,1804,3852,800,2030,800,1779,800,0,0,0,0,0,100,100,0,0,0,0,0,0,0,0,0,0,0,0,0,0,0,0,0,0,0,0,0,4.761904716491699,0,0,0,0,24564,23311,281872,48,97,113597.17541503906,67928.13256835938,0,134868701184,8589930496,4977774592,7077888
199,1760601510545,2662,800,3146,800,3837,800,5896,800,3653,4400,1645,800,5086,800,1153,2470,2428,2859,800,800,3529,1901,800,800,800,1804,3852,800,2030,800,1779,800,5,4.761904716491699,0,0,0,100,100,0,0,0,0,0,0,0,0,0,0,0,0,0,0,0,0,0,0,0,0,0,0,0,0,0,0,24564,23311,281971,48,97,113607.67346191406,67936.26580810547,0,134868701184,8589930496,4977774592,7077888
200,1760601510745,2662,800,3146,800,3837,800,5896,800,3653,4400,1645,800,5086,800,1153,2470,2428,2859,800,800,3529,1901,800,800,800,1804,3852,800,2030,800,1779,800,0,0,0,0,0,100,100,0,0,0,0,0,0,0,0,0,0,0,0,0,0,0,0,0,0,0,0,0,0,0,0,0,0,24564,23311,282013,48,97,113618.17712402344,67944.39349365234,0,134868701184,8589930496,4977774592,7077888
200,1760601510945,2662,800,3146,800,3837,800,5896,800,3653,4400,1645,800,5086,800,1153,2470,2428,2859,800,800,3529,1901,800,800,800,1804,3852,800,2030,800,1779,800,0,0,0,0,9.523809432983398,95,100,0,0,0,0,0,0,0,0,0,0,0,0,0,0,0,0,0,0,0,4.761904716491699,0,0,0,4.761904716491699,0,0,24564,23311,282180,48,97,113628.60272216797,67952.46215820313,0,134868701184,8589930496,4977774592,7077888
200,1760601511145,2662,800,3146,800,3837,800,5896,800,3653,4400,1645,800,5086,800,1153,2470,2428,2859,800,800,3529,1901,800,800,800,1804,3852,800,2030,800,1779,800,5,0,0,0,100,0,100,0,0,0,0,0,0,0,0,0,0,0,0,0,0,0,0,0,0,0,0,0,0,0,0,0,0,24564,23311,282257,48,97,113639.05340576172,67960.5454711914,0,134868701184,8589930496,4972843008,7077888
200,1760601511345,2662,800,3146,800,3837,800,5896,800,3653,4400,1645,800,5086,800,1153,2470,2428,2859,800,800,3529,1901,800,800,800,1804,3852,800,2030,800,1779,800,5,0,0,0,100,0,95.23809814453125,0,5,0,0,0,0,0,0,0,0,0,0,0,0,0,0,0,0,0,0,0,0,0,0,0,0,24564,23311,282036,48,97,113649.43725585938,67968.56396484375,0,134868701184,8589930496,4969201664,7077888
200,1760601511545,2662,800,3146,800,3837,800,5896,800,3653,4400,1645,800,5086,800,1153,2470,2428,2859,800,800,3529,1901,800,800,800,1804,3852,800,2030,800,1779,800,0,0,0,0,100,0,100,0,0,0,0,0,0,0,0,0,0,0,0,0,0,0,0,0,0,0,0,0,0,0,0,0,0,24564,23311,281708,48,96,113659.78149414063,67976.53985595703,0,134868701184,8589930496,4969201664,7077888
200,1760601511745,2662,800,3146,800,3837,800,5896,800,3653,4400,1645,800,5086,800,1153,2470,2428,2859,800,800,3529,1901,800,800,800,1804,3852,800,2030,800,1779,800,0,0,0,0,100,0,100,0,0,0,0,0,0,0,0,0,0,0,0,0,0,0,0,0,0,0,0,0,0,0,0,0,0,24564,23311,281542,48,97,113670.109375,67984.50128173828,0,134868701184,8589930496,4969201664,7077888
200,1760601511945,2662,800,3146,800,3837,800,5896,800,3653,4400,1645,800,5086,800,1153,2470,2428,2859,800,800,3529,1901,800,800,800,1804,3852,800,2030,800,1779,800,5,0,0,0,100,0,100,0,0,0,0,0,0,0,0,0,0,0,0,0,0,0,0,0,0,0,0,0,0,0,0,0,0,24564,23311,281465,48,97,113680.53039550781,67992.56079101563,0,134868701184,8589930496,4969201664,7077888
200,1760601512145,2662,800,3146,800,3837,800,5896,800,3653,4400,1645,800,5086,800,1153,2470,2428,2859,800,800,3529,1901,800,800,800,1804,3852,800,2030,800,1779,800,0,0,0,0,100,0,100,0,0,0,0,0,0,0,0,0,0,0,0,0,0,0,0,0,0,0,0,0,0,0,0,0,0,24564,23311,281351,48,97,113691.03887939453,68000.70837402344,0,134868701184,8589930496,4967559168,7077888
200,1760601512345,2662,800,3146,800,3837,800,5896,800,3653,4400,1645,800,5086,800,1153,2470,2428,2859,800,800,3529,1901,800,800,800,1804,3852,800,2030,800,1779,800,0,4.761904716491699,9.090909004211426,0,100,0,100,0,0,0,0,0,0,0,0,0,0,0,0,0,0,0,0,0,0,0,5,0,0,0,0,0,0,24564,23311,281260,48,97,113701.51513671875,68008.82415771484,0,134868701184,8589930496,4967555072,7077888
200,1760601512545,2662,800,3146,800,3837,800,5896,800,3653,4400,1645,800,5086,800,1153,2470,2428,2859,800,800,3529,1901,800,800,800,1804,3852,800,2030,800,1779,800,5,0,0,0,100,0,100,0,0,0,0,0,0,0,0,0,0,0,0,0,0,0,0,0,0,0,0,0,0,0,0,0,0,24564,23311,281428,48,97,113712.05364990234,68016.998046875,0,134868701184,8589930496,4967555072,7077888
200,1760601512745,2662,800,3146,800,3837,800,5896,800,3653,4400,1645,800,5086,800,1153,2470,2428,2859,800,800,3529,1901,800,800,800,1804,3852,800,2030,800,1779,800,4.761904716491699,0,0,0,100,0,100,0,0,0,0,0,0,0,0,0,0,0,0,0,0,0,0,0,0,0,0,0,4.761904716491699,0,0,0,0,24564,23311,281297,48,97,113722.50622558594,68025.08776855469,0,134868701184,8589930496,4967555072,7077888
200,1760601512945,2662,800,3146,800,3837,800,5896,800,3653,4400,1645,800,5086,800,1153,2470,2428,2859,800,800,3529,1901,800,800,800,1804,3852,800,2030,800,1779,800,5,0,0,0,100,0,100,0,0,0,0,0,0,0,0,0,0,0,0,0,0,0,0,0,0,0,0,0,4.761904716491699,0,0,0,0,24564,23311,281449,48,96,113732.96771240234,68033.17724609375,0,134868701184,8589930496,4967555072,7077888
200,1760601513146,2662,800,3146,800,3837,800,5896,800,3653,4400,1645,800,5086,800,1153,2470,2428,2859,800,800,3529,1901,800,800,800,1804,3852,800,2030,800,1779,800,0,0,0,0,100,0,100,0,0,0,0,0,0,0,0,0,0,0,0,0,0,0,0,0,0,0,0,0,0,0,0,0,0,24564,23311,281443,48,97,113743.40844726563,68041.25280761719,0,134868701184,8589930496,4964605952,7077888
200,1760601513346,2662,800,3146,800,3837,800,5896,800,3653,4400,1645,800,5086,800,1153,2470,2428,2859,800,800,3529,1901,800,800,800,1804,3852,800,2030,800,1779,800,4.761904716491699,0,0,0,100,0,100,0,0,0,0,0,0,0,0,0,0,0,0,0,0,0,0,0,0,0,0,0,0,0,0,0,0,24564,23311,281378,48,97,113753.55639648438,68049.03540039063,0,134868701184,8589930496,4961738752,7077888
200,1760601513546,2662,800,3146,800,3837,800,5896,800,3653,4400,1645,800,5086,800,1153,2470,2428,2859,800,800,3529,1901,800,800,800,1804,3852,800,2030,800,1779,800,0,0,0,0,100,0,100,0,0,0,0,0,9.523809432983398,0,0,0,0,0,0,0,0,0,0,0,0,0,0,0,0,0,4.761904716491699,0,0,24564,23311,281153,48,96,113763.52941894531,68056.63507080078,0,134868701184,8589930496,4974354432,7077888
200,1760601513746,2662,800,3146,800,3837,800,5896,800,3653,4400,1645,800,5086,800,1153,2470,2428,2859,800,800,3529,1901,800,800,800,1804,3852,800,2030,800,1779,800,0,0,0,0,100,0,100,0,0,0,0,0,0,0,0,0,0,0,0,0,0,0,0,0,0,0,0,0,0,0,0,0,0,24564,23311,281163,48,97,113773.51379394531,68064.24743652344,0,134868701184,8589930496,4974354432,7077888
200,1760601513946,2662,800,3146,800,3837,800,5896,800,3653,4400,1645,800,5086,800,1153,2470,2428,2859,800,800,3529,1901,800,800,800,1804,3852,800,2030,800,1779,800,0,0,0,0,100,0,100,0,0,0,0,0,4.761904716491699,0,0,0,0,0,0,0,0,0,0,0,0,0,0,0,0,0,0,0,0,24564,23311,281419,48,97,113783.68078613281,68072.0552368164,0,134868701184,8589930496,4974354432,7077888
200,1760601514146,2662,800,3146,800,3837,800,5896,800,3653,4400,1645,800,5086,800,1153,2470,2428,2859,800,800,3529,1901,800,800,800,1804,3852,800,2030,800,1779,800,0,0,0,0,100,0,100,0,0,0,0,0,0,0,0,0,0,0,0,0,0,0,0,0,0,0,0,0,0,0,0,0,0,24564,23311,281448,48,97,113794.08227539063,68080.08947753906,0,134868701184,8589930496,4974354432,7077888
200,1760601514346,2662,800,3146,800,3837,800,5896,800,3653,4400,1645,800,5086,800,1153,2470,2428,2859,800,800,3529,1901,800,800,800,1804,3852,800,2030,800,1779,800,0,0,0,0,100,0,100,0,0,0,0,0,0,0,0,0,0,0,0,0,0,0,0,0,0,0,0,0,0,0,0,0,0,24564,23311,281491,48,97,113804.61614990234,68088.25091552734,0,134868701184,8589930496,4974354432,7077888
200,1760601514546,2662,800,3146,800,3837,800,5896,800,3653,4400,1645,800,5086,800,1153,2470,2428,2859,800,800,3529,1901,800,800,800,1804,3852,800,2030,800,1779,800,0,0,4.761904716491699,0,100,0,100,0,0,0,0,0,5,0,0,0,0,0,0,0,0,0,0,0,0,0,0,0,0,0,0,0,0,24564,23311,281883,48,97,113814.50714111328,68095.7802734375,0,134868701184,8589930496,4974350336,7077888
200,1760601514746,2662,800,3146,800,3837,800,5896,800,3653,4400,1645,800,5086,800,1153,2470,2428,2859,800,800,3529,1901,800,800,800,1804,3852,800,2030,800,1779,800,4.761904716491699,0,5,0,100,0,100,0,0,0,0,0,0,0,0,0,0,0,0,0,0,0,0,0,0,0,0,0,4.761904716491699,0,0,0,0,24564,23311,282099,48,97,113824.39172363281,68103.30084228516,0,134868701184,8589930496,4974350336,7077888
200,1760601514946,2662,800,3146,800,3837,800,5896,800,3653,4400,1645,800,5086,800,1153,2470,2428,2859,800,800,3529,1901,800,800,800,1804,3852,800,2030,800,1779,800,0,0,0,0,100,0,100,0,0,0,0,0,0,0,0,0,0,0,0,0,0,0,0,0,0,0,0,0,0,0,0,0,0,24564,23311,282161,48,97,113834.31237792969,68110.84826660156,0,134868701184,8589930496,4974350336,7077888
200,1760601515147,2662,800,3146,800,3837,800,5896,800,3653,4400,1645,800,5086,800,1153,2470,2428,2859,800,800,3529,1901,800,800,800,1804,3852,800,2030,800,1779,800,0,0,0,0,100,0,100,0,0,0,0,0,4.761904716491699,0,0,0,0,0,0,0,0,0,0,0,0,0,0,0,0,0,0,0,0,24564,23311,282098,48,97,113844.13592529297,68118.29736328125,0,134868701184,8589930496,4971737088,7077888
199,1760601515347,2662,800,3146,800,3837,800,5896,800,3653,4400,1645,800,5086,800,1153,2470,2428,2859,800,800,3529,1901,800,800,800,1804,3852,800,2030,800,1779,800,0,0,0,0,100,0,100,0,0,0,0,0,5,0,0,0,0,0,0,0,0,0,0,0,0,0,0,0,0,0,0,0,0,24564,23311,281810,48,96,113853.9497680664,68125.75244140625,0,134868701184,8589930496,4968095744,7077888
200,1760601515547,2662,800,3146,800,3837,800,5896,800,3653,4400,1645,800,5086,800,1153,2470,2428,2859,800,800,3529,1901,800,800,800,1804,3852,800,2030,800,1779,800,0,0,0,0,100,0,100,0,0,0,0,0,0,0,0,0,0,0,0,0,0,0,0,0,0,0,0,0,0,0,4.761904716491699,0,0,24564,23311,281719,48,97,113863.66870117188,68133.10668945313,0,134868701184,8589930496,4960354304,7077888
200,1760601515747,2662,800,3146,800,3837,800,5896,800,3653,4400,1645,800,5086,800,1153,2470,2428,2859,800,800,3529,1901,800,800,800,1804,3852,800,2030,800,1779,800,5,0,0,0,100,0,100,0,0,0,0,0,0,0,0,0,0,0,0,0,0,0,0,0,0,0,0,0,0,0,0,0,0,24564,23311,281560,48,97,113873.51678466797,68140.58361816406,0,134868701184,8589930496,4976611328,7077888
200,1760601515947,2662,800,3146,800,3837,800,5896,800,3653,4400,1645,800,5086,800,1153,2470,2428,2859,800,800,3529,1901,800,800,800,1804,3852,800,2030,800,1779,800,4.761904716491699,0,0,0,100,0,100,0,0,0,0,0,0,0,0,0,0,0,0,0,0,0,0,0,0,0,0,0,0,0,0,0,0,24564,23311,281494,48,97,113883.41088867188,68148.1148071289,0,134868701184,8589930496,4976611328,7077888
200,1760601516147,2662,800,3146,800,3837,800,5896,800,3653,4400,1645,800,5086,800,1153,2470,2428,2859,800,800,3529,1901,800,800,800,1804,3852,800,2030,800,1779,800,0,0,0,0,100,0,100,0,0,0,0,0,0,0,0,0,0,0,0,0,0,0,0,0,0,0,0,0,5,0,0,0,0,24564,23311,281488,48,97,113893.94805908203,68156.2841796875,0,134868701184,8589930496,4976611328,7077888
200,1760601516347,2662,800,3146,800,3837,800,5896,800,3653,4400,1645,800,5086,800,1153,2470,2428,2859,800,800,3529,1901,800,800,800,1804,3852,800,2030,800,1779,800,5,0,0,0,100,0,100,0,0,0,0,0,0,0,0,0,0,0,0,0,0,0,0,0,0,0,0,0,0,0,0,0,0,24564,23311,281556,48,97,113904.34313964844,68164.30255126953,0,134868701184,8589930496,4976611328,7077888
200,1760601516547,2662,800,3146,800,3837,800,5896,800,3653,4400,1645,800,5086,800,1153,2470,2428,2859,800,800,3529,1901,800,800,800,1804,3852,800,2030,800,1779,800,0,4.761904716491699,0,0,100,0,100,0,0,0,0,0,0,0,0,0,0,0,0,0,0,0,0,0,0,0,0,0,0,0,0,0,0,24564,23311,281585,48,96,113914.72430419922,68172.3173828125,0,134868701184,8589930496,4976611328,7077888
200,1760601516747,2662,800,3146,800,3837,800,5896,800,3653,4400,1645,800,5086,800,1153,2470,2428,2859,800,800,3529,1901,800,800,800,1804,3852,800,2030,800,1779,800,5,0,0,0,100,0,100,0,0,0,0,0,0,0,0,0,0,0,0,0,0,0,0,0,0,0,4.761904716491699,0,0,0,0,0,0,24564,23311,281573,48,97,113925.17797851563,68180.40515136719,0,134868701184,8589930496,4976611328,7077888
200,1760601516947,2662,800,3146,800,3837,800,5896,800,3653,4400,1645,800,5086,800,1153,2470,2428,2859,800,800,3529,1901,800,800,800,1804,3852,800,2030,800,1779,800,0,0,5,0,100,0,100,0,0,0,0,0,0,0,0,0,0,0,0,0,0,0,0,0,0,0,0,0,0,0,0,0,0,24564,23311,281657,48,97,113935.7509765625,68188.60076904297,0,134868701184,8589930496,4976091136,7077888
200,1760601517147,2662,800,3146,800,3837,800,5896,800,3653,4400,1645,800,5086,800,1153,2470,2428,2859,800,800,3529,1901,800,800,800,1804,3852,800,2030,800,1779,800,15.789472579956055,0,0,0,84.21052551269531,0,100,0,0,0,0,0,0,0,0,0,0,0,0,0,0,0,0,0,0,0,0,0,0,0,0,0,0,24564,23311,281735,48,97,113946.11779785156,68196.59173583984,0,134868701184,8589930496,4976345088,7077888
200,1760601517347,2662,800,3146,800,3837,800,5896,800,3653,4400,1645,800,5086,800,1153,2470,2428,2859,800,800,3529,1901,800,800,800,1804,3852,800,2030,800,1779,800,0,0,0,0,100,0,100,0,0,0,0,0,0,0,0,0,0,0,0,0,0,0,0,0,0,0,0,0,0,0,0,0,0,24564,23311,281795,48,97,113956.8892211914,68204.99731445313,0,134868701184,8589930496,4976345088,7077888
200,1760601517547,2662,800,3146,800,3837,800,5896,800,3653,4400,1645,800,5086,800,1153,2470,2428,2859,800,800,3529,1901,800,800,800,1804,3852,800,2030,800,1779,800,9.523809432983398,0,0,0,100,0,100,0,0,0,0,0,0,0,0,0,0,0,4.761904716491699,0,0,0,0,0,0,0,0,0,0,0,0,0,0,24564,23311,282245,48,97,113967.7568359375,68213.48693847656,0,134868701184,8589930496,4976345088,7077888
200,1760601517747,2662,800,3146,800,3837,800,5896,800,3653,4400,1645,800,5086,800,1153,2470,2428,2859,800,800,3529,1901,800,800,800,1804,3852,800,2030,800,1779,800,5,0,0,0,100,0,100,0,0,0,0,0,0,0,0,0,0,0,0,0,0,0,0,0,0,0,0,0,0,0,0,0,0,24564,23311,282350,48,97,113978.61254882813,68221.96936035156,0,134868701184,8589930496,4976345088,7077888
200,1760601517947,2662,800,3146,800,3837,800,5896,800,3653,4400,1645,800,5086,800,1153,2470,2428,2859,800,800,3529,1901,800,800,800,1804,3852,800,2030,800,1779,800,0,4.761904716491699,4.761904716491699,0,100,0,100,0,0,0,0,0,0,0,0,0,0,0,0,0,0,0,0,0,0,0,0,0,0,0,0,0,0,24564,23311,282029,48,96,113989.46496582031,68230.45123291016,0,134868701184,8589930496,4976345088,7077888
200,1760601518148,2662,800,3146,800,3837,800,5896,800,3653,4400,1645,800,5086,800,1153,2470,2428,2859,800,800,3529,1901,800,800,800,1804,3852,800,2030,800,1779,800,5,0,0,0,100,0,100,0,0,0,0,0,0,0,0,0,0,0,0,0,0,0,0,0,0,0,0,0,0,0,0,0,0,24564,23311,282105,48,97,114000.33782958984,68238.9462890625,0,134868701184,8589930496,4973674496,7077888
200,1760601518348,2662,800,3146,800,3837,800,5896,800,3653,4400,1645,800,5086,800,1153,2470,2428,2859,800,800,3529,1901,800,800,800,1804,3852,800,2030,800,1779,800,0,4.761904716491699,0,0,100,0,100,0,0,0,0,0,0,0,0,0,0,0,0,0,0,0,0,0,0,0,0,0,4.761904716491699,0,0,0,0,24564,23311,282137,48,97,114011.16870117188,68247.39611816406,0,134868701184,8589930496,4970033152,7077888
200,1760601518548,2662,800,3146,800,3837,800,5896,800,3653,4400,1645,800,5086,800,1153,2470,2428,2859,800,800,3529,1901,800,800,800,1804,3852,800,2030,800,1779,800,4.761904716491699,0,0,0,100,0,100,0,0,0,0,0,0,0,0,0,0,0,0,0,0,0,0,0,0,0,0,0,0,0,0,0,0,24564,23311,282071,48,97,114021.58117675781,68255.43237304688,0,134868701184,8589930496,4970033152,7077888
199,1760601518748,2662,800,3146,800,3837,800,5896,800,3653,4400,1645,800,5086,800,1153,2470,2428,2859,800,800,3529,1901,800,800,800,1804,3852,800,2030,800,1779,800,0,4.761904716491699,0,0,100,0,100,0,0,0,0,0,4.761904716491699,0,0,0,0,0,0,0,0,0,0,0,0,0,0,0,0,0,4.761904716491699,0,0,24564,23311,281988,48,97,114031.9810180664,68263.42376708984,0,134868701184,8589930496,4970033152,7077888
199,1760601518948,2662,800,3146,800,3837,800,5896,800,3653,4400,1645,800,5086,800,1153,2470,2428,2859,800,800,3529,1901,800,800,800,1804,3852,800,2030,800,1779,800,0,0,0,0,100,0,100,0,0,0,0,0,0,0,0,0,0,0,0,0,0,0,0,0,0,0,0,4.761904716491699,0,0,0,0,0,24564,23311,282004,49,96,114042.2935180664,68271.35778808594,0,134868701184,8589930496,4970033152,7077888
199,1760601519148,2662,800,3146,800,3837,800,5896,800,3653,4400,1645,800,5086,800,1153,2470,2428,2859,800,800,3529,1901,800,800,800,1804,3852,800,2030,800,1779,800,5,0,0,0,100,0,100,0,5,0,0,0,0,0,0,0,0,0,0,0,0,0,0,0,0,0,0,0,4.761904716491699,0,0,0,0,24564,23311,282038,49,97,114052.50128173828,68279.18701171875,0,134868701184,8589930496,4969197568,7077888
200,1760601519348,2662,800,3146,800,3837,800,5896,800,3653,4400,1645,800,5086,800,1153,2470,2428,2859,800,800,3529,1901,800,800,800,1804,3852,800,2030,800,1779,800,0,0,0,0,100,0,100,0,0,0,0,0,4.761904716491699,0,0,0,0,0,0,0,0,0,0,0,0,0,0,0,0,0,0,0,0,24564,23311,281924,49,97,114062.8662109375,68287.18817138672,0,134868701184,8589930496,4969197568,7077888
200,1760601519548,2662,800,3146,800,3837,800,5896,800,3653,4400,1645,800,5086,800,1153,2470,2428,2859,800,800,3529,1901,800,800,800,1804,3852,800,2030,800,1779,800,0,0,0,0,100,0,100,0,0,0,0,0,0,0,0,0,0,0,0,0,0,0,0,0,0,0,4.761904716491699,0,0,0,0,0,0,24564,23311,281807,49,97,114073.48822021484,68295.42596435547,0,134868701184,8589930496,4969197568,7077888
200,1760601519748,2662,800,3146,800,3837,800,5896,800,3653,4400,1645,800,5086,800,1153,2470,2428,2859,800,800,3529,1901,800,800,800,1804,3852,800,2030,800,1779,800,5,0,0,0,100,0,100,0,0,0,0,0,0,0,0,0,0,0,0,0,0,0,0,0,0,0,0,0,0,0,4.761904716491699,0,0,24564,23311,281339,49,97,114083.86547851563,68303.44732666016,0,134868701184,8589930496,4969197568,7077888
200,1760601519948,2662,800,3146,800,3837,800,5896,800,3653,4400,1645,800,5086,800,1153,2470,2428,2859,800,800,3529,1901,800,800,800,1804,3852,800,2030,800,1779,800,0,0,4.761904716491699,0,100,0,100,0,0,0,0,0,0,0,0,0,0,0,0,0,0,0,0,0,0,0,0,0,0,0,0,0,0,24564,23311,281613,49,96,114094.37927246094,68311.5816040039,0,134868701184,8589930496,4969197568,7077888
200,1760601520148,2662,800,3146,800,3837,800,5896,800,3653,4400,1645,800,5086,800,1153,2470,2428,2859,800,800,3529,1901,800,800,800,1804,3852,800,2030,800,1779,800,0,0,0,0,100,0,100,0,0,0,0,0,0,0,0,0,0,0,0,0,0,0,0,0,0,0,0,0,0,0,0,0,0,24564,23311,281484,49,97,114104.81408691406,68319.64068603516,0,134868701184,8589930496,4960940032,7077888
200,1760601520348,2662,800,3146,800,3837,800,5896,800,3653,4400,1645,800,5086,800,1153,2470,2428,2859,800,800,3529,1901,800,800,800,1804,3852,800,2030,800,1779,800,5,0,0,0,100,0,100,0,0,0,0,0,0,0,0,0,0,0,0,0,0,0,0,0,0,0,4.761904716491699,0,0,0,0,0,0,24564,23311,281497,49,97,114115.30786132813,68327.75366210938,0,134868701184,8589930496,4968939520,7077888
200,1760601520548,2662,800,3146,800,3837,800,5896,800,3653,4400,1645,800,5086,800,1153,2470,2428,2859,800,800,3529,1901,800,800,800,1804,3852,800,2030,800,1779,800,5,0,4.761904716491699,0,100,0,100,0,0,0,0,0,0,0,0,0,0,0,0,0,0,0,0,0,0,0,0,0,0,0,0,0,0,24564,23311,281599,49,97,114125.73803710938,68335.810546875,0,134868701184,8589930496,4968939520,7077888
200,1760601520748,2662,800,3146,800,3837,800,5896,800,3653,4400,1645,800,5086,800,1153,2470,2428,2859,800,800,3529,1901,800,800,800,1804,3852,800,2030,800,1779,800,0,0,0,0,100,0,100,0,9.090909004211426,0,0,0,0,0,0,0,0,0,0,0,0,0,0,0,0,0,0,0,0,0,0,0,0,24564,23311,281714,49,97,114136.14813232422,68343.84899902344,0,134868701184,8589930496,4968939520,7077888
200,1760601520948,2662,800,3146,800,3837,800,5896,800,3653,4400,1645,800,5086,800,1153,2470,2428,2859,800,800,3529,1901,800,800,800,1804,3852,800,2030,800,1779,800,5,15.000000953674316,0,0,85,0,100,0,0,0,0,0,0,0,0,0,0,0,0,0,0,0,0,0,0,0,0,0,0,0,0,0,0,24564,23311,282122,49,97,114146.48272705078,68351.8041381836,0,134868701184,8589930496,4966957056,7077888
200,1760601521148,2662,800,3146,800,3837,800,5896,800,3653,4400,1645,800,5086,800,1153,2470,2428,2859,800,800,3529,1901,800,800,800,1804,3852,800,2030,800,1779,800,0,0,0,0,100,0,100,0,0,0,0,0,0,0,0,0,0,0,0,0,0,0,0,0,0,0,0,0,0,0,0,0,0,24564,23311,281839,49,97,114156.85314941406,68359.79406738281,0,134868701184,8589930496,4966957056,7077888
200,1760601521348,2662,800,3146,800,3837,800,5896,800,3653,4400,1645,800,5086,800,1153,2470,2428,2859,800,800,3529,1901,800,800,800,1804,3852,800,2030,800,1779,800,0,4.761904716491699,0,0,100,0,100,0,0,0,0,0,0,0,0,0,0,0,0,0,0,0,0,0,0,0,4.761904716491699,0,9.090909004211426,0,0,0,0,24564,23311,281857,49,96,114167.27026367188,68367.79595947266,0,134868701184,8589930496,4966957056,7077888
200,1760601521548,2662,800,3146,800,3837,800,5896,800,3653,4400,1645,800,5086,800,1153,2470,2428,2859,800,800,3529,1901,800,800,800,1804,3852,800,2030,800,1779,800,4.761904716491699,0,0,0,100,0,100,0,0,0,0,0,0,0,0,0,0,0,0,0,0,0,0,0,0,0,0,0,0,0,0,0,0,24564,23311,281865,49,97,114177.70001220703,68375.89697265625,0,134868701184,8589930496,4966952960,7077888
200,1760601521749,2662,800,3146,800,3837,800,5896,800,3653,4400,1645,800,5086,800,1153,2470,2428,2859,800,800,3529,1901,800,800,800,1804,3852,800,2030,800,1779,800,0,0,0,0,100,0,95.45454406738281,0,0,0,0,0,0,0,0,0,0,0,0,0,0,0,0,0,0,0,0,0,0,0,0,0,0,24564,23311,281814,49,97,114187.98718261719,68383.8076171875,0,134868701184,8589930496,4966952960,7077888
200,1760601521949,2662,800,3146,800,3837,800,5896,800,3653,4400,1645,800,5086,800,1153,2470,2428,2859,800,800,3529,1901,800,800,800,1804,3852,800,2030,800,1779,800,9.523809432983398,0,0,0,100,0,100,0,0,0,0,0,0,0,0,0,0,0,0,0,0,0,0,0,0,0,0,0,0,0,0,0,0,24564,23311,281677,49,96,114198.0083618164,68391.4575805664,0,134868701184,8589930496,4965404672,7077888
200,1760601522149,2662,800,3146,800,3837,800,5896,800,3653,4400,1645,800,5086,800,1153,2470,2428,2859,800,800,3529,1901,800,800,800,1804,3852,800,2030,800,1779,800,0,0,4.761904716491699,0,100,0,100,0,0,5,0,0,0,0,0,0,0,0,0,0,0,0,0,0,0,0,0,0,0,0,0,0,0,24564,23311,281635,49,97,114208.16961669922,68399.23895263672,0,134868701184,8589930496,4965404672,7077888
199,1760601522349,2662,800,3146,800,3837,800,5896,800,3653,4400,1645,800,5086,800,1153,2470,2428,2859,800,800,3529,1901,800,800,800,1804,3852,800,2030,800,1779,800,4.761904716491699,0,0,0,100,0,100,0,0,0,0,0,0,0,0,0,0,0,0,0,0,0,0,0,0,0,0,0,0,0,0,0,0,24564,23311,281803,49,97,114218.71240234375,68407.4169921875,0,134868701184,8589930496,4965404672,7077888
200,1760601522549,2662,800,3146,800,3837,800,5896,800,3653,4400,1645,800,5086,800,1153,2470,2428,2859,800,800,3529,1901,800,800,800,1804,3852,800,2030,800,1779,800,5,0,0,0,100,0,85,0,0,0,0,0,0,0,0,0,0,0,0,0,0,0,0,0,0,0,0,0,10.526315689086914,0,5,0,0,24564,23311,281600,49,97,114228.64288330078,68414.97131347656,0,134868701184,8589930496,4965404672,7077888
199,1760601522749,2662,800,3146,800,3837,800,5896,800,3653,4400,1645,800,5086,800,1153,2470,2428,2859,800,800,3529,1901,800,800,800,1804,3852,800,2030,800,1779,800,0,0,0,0,100,0,100,0,0,0,0,0,0,0,0,0,0,0,0,0,0,0,0,0,0,0,0,0,0,0,0,0,0,24564,23311,281590,49,96,114238.50744628906,68422.47631835938,0,134868701184,8589930496,4965404672,7077888
200,1760601522949,2662,800,3146,800,3837,800,5896,800,3653,4400,1645,800,5086,800,1153,2470,2428,2859,800,800,3529,1901,800,800,800,1804,3852,800,2030,800,1779,800,0,0,0,0,100,0,100,0,0,0,0,0,0,0,0,0,0,0,0,0,0,0,0,0,0,0,0,0,0,0,0,0,0,24564,23311,281877,49,97,114248.28564453125,68429.88305664063,0,134868701184,8589930496,4965404672,7077888
200,1760601523149,2662,800,3146,800,3837,800,5896,800,3653,4400,1645,800,5086,800,1153,2470,2428,2859,800,800,3529,1901,800,800,800,1804,3852,800,2030,800,1779,800,2.5,0,0,0,100,0,100,0,0,0,0,0,0,0,0,0,0,0,0,0,0,0,0,0,0,0,0,0,2.4390242099761963,0,0,0,0,24564,23311,281788,49,97,114258.0532836914,68437.27294921875,0,134868701184,8589930496,4962926592,7077888
200,1760601523349,2662,800,3146,800,3837,800,5896,800,3653,4400,1645,800,5086,800,1153,2470,2428,2859,800,800,3529,1901,800,800,800,1804,3852,800,2030,800,1779,800,0,0,5,0,100,0,100,0,0,0,0,0,0,0,0,0,0,0,0,0,0,0,0,0,0,0,0,0,0,0,0,0,0,24564,23311,281826,49,96,114268.31121826172,68445.1607055664,0,134868701184,8589930496,4963155968,7077888
200,1760601523549,2662,800,3146,800,3837,800,5896,800,3653,4400,1645,800,5086,800,1153,2470,2428,2859,800,800,3529,1901,800,800,800,1804,3852,800,2030,800,1779,800,0,0,0,0,100,0,100,0,0,0,0,0,4.761904716491699,0,0,0,0,0,0,0,0,0,0,0,0,0,5,0,0,0,0,0,0,24564,23311,281773,49,97,114278.88806152344,68453.36419677734,0,134868701184,8589930496,4963155968,7077888
200,1760601523749,2662,800,3146,800,3837,800,5896,800,3653,4400,1645,800,5086,800,1153,2470,2428,2859,800,800,3529,1901,800,800,800,1804,3852,800,2030,800,1779,800,4.761904716491699,4.761904716491699,0,0,100,0,100,0,0,0,0,0,0,0,0,0,0,0,0,0,0,0,0,0,0,4.761904716491699,0,0,0,0,0,0,0,24564,23311,281916,49,97,114289.435546875,68461.5316772461,0,134868701184,8589930496,4963155968,7077888
200,1760601523949,2662,800,3146,800,3837,800,5896,800,3653,4400,1645,800,5086,800,1153,2470,2428,2859,800,800,3529,1901,800,800,800,1804,3852,800,2030,800,1779,800,0,0,0,0,85.71428680419922,15.000000953674316,100,0,0,0,0,0,0,0,0,0,0,0,0,0,0,0,0,0,0,0,0,0,0,0,0,0,0,24564,23311,281804,49,97,114299.38256835938,68469.06604003906,0,134868701184,8589930496,4961873920,7077888
200,1760601524149,2662,800,3146,800,3837,800,5896,800,3653,4400,1645,800,5086,800,1153,2470,2428,2859,800,800,3529,1901,800,800,800,1804,3852,800,2030,800,1779,800,5,4.761904716491699,0,0,0,100,100,0,0,0,0,0,4.761904716491699,0,0,0,0,0,0,0,0,0,0,0,0,0,0,0,0,0,0,0,0,24564,23311,281747,49,97,114309.75659179688,68477.1029663086,0,134868701184,8589930496,4961873920,7077888
199,1760601524349,2662,800,3146,800,3837,800,5896,800,3653,4400,1645,800,5086,800,1153,2470,2428,2859,800,800,3529,1901,800,800,800,1804,3852,800,2030,800,1779,800,0,0,0,0,0,100,100,0,0,0,0,0,0,0,0,0,0,0,0,0,0,0,0,0,0,0,0,0,0,0,0,0,0,24564,23311,281671,49,96,114320.3480834961,68485.32006835938,0,134868701184,8589930496,4961873920,7077888
200,1760601524549,2662,800,3146,800,3837,800,5896,800,3653,4400,1645,800,5086,800,1153,2470,2428,2859,800,800,3529,1901,800,800,800,1804,3852,800,2030,800,1779,800,5,0,0,0,0,100,100,0,4.761904716491699,0,0,0,0,0,0,0,0,0,0,0,0,0,0,0,0,0,0,0,0,0,0,0,0,24564,23311,281606,49,97,114330.80078125,68493.40222167969,0,134868701184,8589930496,4961873920,7077888
200,1760601524749,2662,800,3146,800,3837,800,5896,800,3653,4400,1645,800,5086,800,1153,2470,2428,2859,800,800,3529,1901,800,800,800,1804,3852,800,2030,800,1779,800,0,0,0,0,0,100,100,0,0,0,0,0,0,0,0,0,0,0,0,0,0,0,0,0,0,0,0,0,0,0,4.761904716491699,0,0,24564,23311,281521,49,97,114341.1337890625,68501.36309814453,0,134868701184,8589930496,4961873920,7077888
200,1760601524949,2662,800,3146,800,3837,800,5896,800,3653,4400,1645,800,5086,800,1153,2470,2428,2859,800,800,3529,1901,800,800,800,1804,3852,800,2030,800,1779,800,5,0,4.761904716491699,0,0,100,100,0,0,0,0,0,0,0,0,0,0,0,0,0,0,0,0,0,0,0,0,0,0,0,4.761904716491699,0,0,24564,23311,281280,49,97,114351.46020507813,68509.31811523438,0,134868701184,8589930496,4961357824,7077888
200,1760601525149,2662,800,3146,800,3837,800,5896,800,3653,4400,1645,800,5086,800,1153,2470,2428,2859,800,800,3529,1901,800,800,800,1804,3852,800,2030,800,1779,800,4.761904716491699,0,0,0,0,100,100,0,0,0,0,0,0,0,0,0,0,0,0,0,0,0,0,0,0,0,0,0,0,0,0,0,0,24564,23311,281345,49,96,114361.8759765625,68517.36138916016,0,134868701184,8589930496,4961345536,7077888
200,1760601525349,2662,800,3146,800,3837,800,5896,800,3653,4400,1645,800,5086,800,1153,2470,2428,2859,800,800,3529,1901,800,800,800,1804,3852,800,2030,800,1779,800,5,0,0,0,0,100,100,0,0,0,0,0,0,0,0,0,0,0,0,0,0,0,0,0,0,0,0,0,4.761904716491699,0,0,0,0,24564,23311,281688,49,97,114372.35424804688,68525.45654296875,0,134868701184,8589930496,4961345536,7077888
200,1760601525550,2662,800,3146,800,3837,800,5896,800,3653,4400,1645,800,5086,800,1153,2470,2428,2859,800,800,3529,1901,800,800,800,1804,3852,800,2030,800,1779,800,0,4.761904716491699,0,0,0,100,100,0,0,0,0,0,0,0,0,0,0,0,0,0,0,0,0,0,0,0,0,0,0,0,0,0,0,24564,23311,281744,49,97,114382.71466064453,68533.43811035156,0,134868701184,8589930496,4961345536,7077888
200,1760601525750,2662,800,3146,800,3837,800,5896,800,3653,4400,1645,800,5086,800,1153,2470,2428,2859,800,800,3529,1901,800,800,800,1804,3852,800,2030,800,1779,800,4.761904716491699,0,0,0,0,100,95.23809814453125,0,0,0,0,0,0,0,0,0,0,0,0,0,0,0,0,0,0,0,0,0,0,0,0,0,0,24564,23311,281799,49,97,114392.88873291016,68541.23907470703,0,134868701184,8589930496,4961345536,7077888
200,1760601525950,2662,800,3146,800,3837,800,5896,800,3653,4400,1645,800,5086,800,1153,2470,2428,2859,800,800,3529,1901,800,800,800,1804,3852,800,2030,800,1779,800,0,0,0,0,0,100,100,0,0,0,0,0,0,0,0,0,0,0,0,0,0,0,0,0,0,0,0,0,0,0,0,0,0,24564,23311,281905,49,97,114403.42333984375,68549.3941040039,0,134868701184,8589930496,4960227328,7077888
199,1760601526150,2662,800,3146,800,3837,800,5896,800,3653,4400,1645,800,5086,800,1153,2470,2428,2859,800,800,3529,1901,800,800,800,1804,3852,800,2030,800,1779,800,0,0,4.761904716491699,0,0,100,100,0,0,0,0,0,0,0,0,0,0,0,0,0,0,0,0,0,0,0,0,0,0,0,0,0,0,24564,23311,282234,49,97,114413.93041992188,68557.52838134766,0,134868701184,8589930496,4960223232,7077888
199,1760601526350,2662,800,3146,800,3837,800,5896,800,3653,4400,1645,800,5086,800,1153,2470,2428,2859,800,800,3529,1901,800,800,800,1804,3852,800,2030,800,1779,800,4.761904716491699,0,0,0,0,100,100,0,0,0,0,0,0,0,0,0,0,0,0,0,0,0,0,0,0,0,0,0,0,0,0,0,0,24564,23311,282057,49,96,114424.458984375,68565.67126464844,0,134868701184,8589930496,4960223232,7077888
199,1760601526550,2662,800,3146,800,3837,800,5896,800,3653,4400,1645,800,5086,800,1153,2470,2428,2859,800,800,3529,1901,800,800,800,1804,3852,800,2030,800,1779,800,5,0,0,0,0,100,100,0,0,0,0,0,0,0,0,0,0,0,0,0,0,0,0,0,0,0,0,0,0,0,0,0,0,24564,23311,281998,49,97,114434.89923095703,68573.7367553711,0,134868701184,8589930496,4960223232,7077888
199,1760601526750,2662,800,3146,800,3837,800,5896,800,3653,4400,1645,800,5086,800,1153,2470,2428,2859,800,800,3529,1901,800,800,800,1804,3852,800,2030,800,1779,800,0,0,0,0,0,100,100,0,0,0,0,0,0,0,0,0,0,0,0,0,0,0,0,0,0,0,0,0,0,0,0,0,0,24564,23311,281969,49,97,114445.45153808594,68581.91217041016,0,134868701184,8589930496,4960223232,7077888
200,1760601526950,2662,800,3146,800,3837,800,5896,800,3653,4400,1645,800,5086,800,1153,2470,2428,2859,800,800,3529,1901,800,800,800,1804,3852,800,2030,800,1779,800,0,0,0,0,0,100,100,0,0,0,4.761904716491699,0,0,0,0,0,0,0,0,0,0,0,0,0,0,0,0,0,0,0,0,0,0,24564,23311,281986,49,97,114455.89581298828,68589.99182128906,0,134868701184,8589930496,4960223232,7077888
200,1760601527150,2662,800,3146,800,3837,800,5896,800,3653,4400,1645,800,5086,800,1153,2470,2428,2859,800,800,3529,1901,800,800,800,1804,3852,800,2030,800,1779,800,5,0,0,0,0,100,100,0,0,0,0,0,0,0,0,0,0,0,0,0,0,0,0,0,0,0,0,0,0,0,0,0,0,24564,23311,281894,49,97,114466.40979003906,68598.12518310547,0,134868701184,8589930496,4959592448,7077888
200,1760601527350,2662,800,3146,800,3837,800,5896,800,3653,4400,1645,800,5086,800,1153,2470,2428,2859,800,800,3529,1901,800,800,800,1804,3852,800,2030,800,1779,800,0,5,0,0,0,100,100,0,0,0,0,0,0,0,0,0,0,0,0,0,0,0,0,0,0,0,0,0,0,0,0,0,0,24564,23311,282088,49,97,114476.95123291016,68606.28210449219,0,134868701184,8589930496,4959821824,7077888
200,1760601527550,2662,800,3146,800,3837,800,5896,800,3653,4400,1645,800,5086,800,1153,2470,2428,2859,800,800,3529,1901,800,800,800,1804,3852,800,2030,800,1779,800,4.761904716491699,0,4.761904716491699,0,0,100,100,0,0,0,4.761904716491699,0,4.761904716491699,0,0,0,0,0,0,0,0,0,0,0,0,0,0,0,0,0,0,0,0,24564,23311,282177,49,96,114487.41632080078,68614.3716430664,0,134868701184,8589930496,4959821824,7077888
200,1760601527750,2662,800,3146,800,3837,800,5896,800,3653,4400,1645,800,5086,800,1153,2470,2428,2859,800,800,3529,1901,800,800,800,1804,3852,800,2030,800,1779,800,5,0,0,0,0,100,100,0,0,0,0,0,0,0,0,0,0,0,0,0,0,0,0,0,0,0,0,0,0,0,0,0,0,24564,23311,282274,49,97,114497.81799316406,68622.40447998047,0,134868701184,8589930496,4959821824,7077888
200,1760601527950,2662,800,3146,800,3837,800,5896,800,3653,4400,1645,800,5086,800,1153,2470,2428,2859,800,800,3529,1901,800,800,800,1804,3852,800,2030,800,1779,800,5,0,0,0,0,100,100,0,0,0,0,0,4.761904716491699,0,0,0,0,0,0,0,0,0,0,0,0,0,0,0,0,0,0,0,0,24564,23311,282362,49,97,114508.2495727539,68630.46862792969,0,134868701184,8589930496,4958842880,7077888
200,1760601528150,2662,800,3146,800,3837,800,5896,800,3653,4400,1645,800,5086,800,1153,2470,2428,2859,800,800,3529,1901,800,800,800,1804,3852,800,2030,800,1779,800,0,0,0,0,0,100,100,0,0,0,0,0,0,0,0,0,0,0,0,0,0,4.761904716491699,4.761904716491699,0,0,0,0,0,0,0,0,0,0,24564,23311,282145,49,97,114518.80700683594,68638.64306640625,0,134868701184,8589930496,4958842880,7077888
200,1760601528350,2662,800,3146,800,3837,800,5896,800,3653,4400,1645,800,5086,800,1153,2470,2428,2859,800,800,3529,1901,800,800,800,1804,3852,800,2030,800,1779,800,0,0,0,0,4.761904716491699,100,100,0,0,0,0,0,0,0,0,0,0,0,0,0,0,0,0,0,0,0,0,0,0,0,0,0,0,24564,23311,282127,49,96,114529.09100341797,68646.5482788086,0,134868701184,8589930496,4943351808,7077888
199,1760601528551,2662,800,3146,800,3837,800,5896,800,3653,4400,1645,800,5086,800,1153,2470,2428,2859,800,800,3529,1901,800,800,800,1804,3852,800,2030,800,1779,800,0,0,0,0,0,100,100,0,0,0,0,0,0,0,0,0,0,0,0,0,0,0,0,0,0,0,4.761904716491699,0,0,0,0,0,0,24564,23311,282352,49,97,114539.4976196289,68654.58056640625,0,134868701184,8589930496,4959371264,7077888
200,1760601528751,2662,800,3146,800,3837,800,5896,800,3653,4400,1645,800,5086,800,1153,2470,2428,2859,800,800,3529,1901,800,800,800,1804,3852,800,2030,800,1779,800,0,0,0,0,0,100,100,0,0,0,0,0,0,0,0,0,0,0,0,0,0,0,0,0,0,0,0,0,9.090909004211426,0,4.761904716491699,0,0,24564,23311,282426,49,97,114550.10876464844,68662.80926513672,0,134868701184,8589930496,4975628288,7077888
200,1760601528951,2662,800,3146,800,3837,800,5896,800,3653,4400,1645,800,5086,800,1153,2470,2428,2859,800,800,3529,1901,800,800,800,1804,3852,800,2030,800,1779,800,0,0,0,0,15.789472579956055,80,100,0,0,0,0,0,0,0,0,0,0,0,0,0,0,0,0,0,0,0,0,0,0,0,0,0,0,24564,23311,282594,49,97,114561.03729248047,68671.35424804688,0,134868701184,8589930496,4975112192,7077888
199,1760601529151,2662,800,3146,800,3837,800,5896,800,3653,4400,1645,800,5086,800,1153,2470,2428,2859,800,800,3529,1901,800,800,800,1804,3852,800,2030,800,1779,800,0,0,0,0,100,0,100,0,0,0,0,0,0,0,0,0,0,0,0,0,0,0,0,0,0,0,0,0,0,0,4.761904716491699,0,0,24564,23311,282779,49,97,114571.96649169922,68679.89385986328,0,134868701184,8589930496,4968579072,7077888
200,1760601529351,2662,800,3146,800,3837,800,5896,800,3653,4400,1645,800,5086,800,1153,2470,2428,2859,800,800,3529,1901,800,800,800,1804,3852,800,2030,800,1779,800,0,0,0,0,100,0,100,0,0,0,0,0,0,0,0,0,0,0,0,0,0,0,0,0,0,0,4.761904716491699,0,0,0,0,0,0,24564,23311,282873,49,97,114582.57403564453,68688.11053466797,0,134868701184,8589930496,4968579072,7077888
200,1760601529551,2662,800,3146,800,3837,800,5896,800,3653,4400,1645,800,5086,800,1153,2470,2428,2859,800,800,3529,1901,800,800,800,1804,3852,800,2030,800,1779,800,0,0,0,0,100,0,100,0,0,0,0,0,0,0,0,0,0,0,0,0,0,0,0,0,0,0,0,0,4.761904716491699,0,0,0,0,24564,23311,282881,49,96,114593.19158935547,68696.3388671875,0,134868701184,8589930496,4968579072,7077888
200,1760601529751,2662,800,3146,800,3837,800,5896,800,3653,4400,1645,800,5086,800,1153,2470,2428,2859,800,800,3529,1901,800,800,800,1804,3852,800,2030,800,1779,800,0,0,0,0,95.23809814453125,0,100,0,0,0,0,0,0,0,0,0,0,0,0,0,0,0,0,0,0,0,0,0,0,0,0,0,0,24564,23311,282849,49,97,114603.79333496094,68704.54736328125,0,134868701184,8589930496,4968517632,7077888
200,1760601529951,2662,800,3146,800,3837,800,5896,800,3653,4400,1645,800,5086,800,1153,2470,2428,2859,800,800,3529,1901,800,800,800,1804,3852,800,2030,800,1779,800,15.000000953674316,15.000000953674316,4.761904716491699,0,70,0,100,0,0,0,0,0,5,0,0,0,0,0,0,0,0,0,0,0,0,0,0,0,0,0,0,0,0,24564,23311,282776,49,97,114614.0845336914,68712.45153808594,0,134868701184,8589930496,4968517632,7077888
200,1760601530151,2662,800,3146,800,3837,800,5896,800,3653,4400,1645,800,5086,800,1153,2470,2428,2859,800,800,3529,1901,800,800,800,1804,3852,800,2030,800,1779,800,0,0,0,0,100,0,100,0,0,0,0,0,0,0,0,0,0,0,0,0,0,0,0,0,0,0,0,4.761904716491699,4.761904716491699,0,0,0,0,24564,23311,282645,49,97,114624.60510253906,68720.58166503906,0,134868701184,8589930496,4968517632,7077888
199,1760601530351,2662,800,3146,800,3837,800,5896,800,3653,4400,1645,800,5086,800,1153,2470,2428,2859,800,800,3529,1901,800,800,800,1804,3852,800,2030,800,1779,800,0,0,0,0,100,0,100,0,0,0,0,0,4.761904716491699,0,0,0,0,0,0,0,0,0,0,0,0,0,0,0,0,0,0,0,0,24564,23311,282595,49,97,114635.37097167969,68728.96252441406,0,134868701184,8589930496,4967854080,7077888
200,1760601530551,2662,800,3146,800,3837,800,5896,800,3653,4400,1645,800,5086,800,1153,2470,2428,2859,800,800,3529,1901,800,800,800,1804,3852,800,2030,800,1779,800,4.761904716491699,0,0,0,100,0,100,0,0,0,0,0,0,0,0,0,0,0,0,0,0,0,0,0,0,0,0,0,4.761904716491699,0,0,0,0,24564,23311,282875,49,97,114645.84704589844,68737.05456542969,0,134868701184,8589930496,4967854080,7077888
200,1760601530751,2662,800,3146,800,3837,800,5896,800,3653,4400,1645,800,5086,800,1153,2470,2428,2859,800,800,3529,1901,800,800,800,1804,3852,800,2030,800,1779,800,0,0,0,0,100,0,100,0,0,0,0,0,0,0,0,0,0,0,0,0,0,0,0,0,0,0,0,0,5,0,0,0,0,24564,23311,282780,49,97,114656.6918334961,68745.51000976563,0,134868701184,8589930496,4967849984,7077888
200,1760601530951,2662,800,3146,800,3837,800,5896,800,3653,4400,1645,800,5086,800,1153,2470,2428,2859,800,800,3529,1901,800,800,800,1804,3852,800,2030,800,1779,800,0,0,0,0,100,0,100,0,0,0,0,0,0,0,0,0,0,0,0,0,0,0,0,0,0,0,0,0,0,0,0,0,0,24564,23311,282604,49,96,114667.46075439453,68753.88488769531,0,134868701184,8589930496,4967333888,7077888
200,1760601531152,2662,800,3146,800,3837,800,5896,800,3653,4400,1645,800,5086,800,1153,2470,2428,2859,800,800,3529,1901,800,800,800,1804,3852,800,2030,800,1779,800,0,0,0,0,100,0,100,0,0,0,0,0,0,0,0,0,0,0,0,0,0,0,0,0,0,0,0,0,5,0,0,0,0,24564,23311,282582,49,97,114678.08782958984,68762.12609863281,0,134868701184,8589930496,4966805504,7077888
200,1760601531352,2662,800,3146,800,3837,800,5896,800,3653,4400,1645,800,5086,800,1153,2470,2428,2859,800,800,3529,1901,800,800,800,1804,3852,800,2030,800,1779,800,0,0,0,0,100,0,100,0,0,0,0,0,0,0,0,0,0,0,0,0,0,0,0,0,0,0,0,0,0,0,0,0,0,24564,23311,282574,49,97,114688.88116455078,68770.53253173828,0,134868701184,8589930496,4967034880,7077888
200,1760601531552,2662,800,3146,800,3837,800,5896,800,3653,4400,1645,800,5086,800,1153,2470,2428,2859,800,800,3529,1901,800,800,800,1804,3852,800,2030,800,1779,800,0,0,0,0,100,0,100,0,0,0,0,0,0,0,0,0,0,0,0,0,0,0,0,0,0,0,0,0,0,0,0,0,0,24564,23311,282556,49,97,114699.98364257813,68779.23211669922,0,134868701184,8589930496,4967034880,7077888
200,1760601531752,2662,800,3146,800,3837,800,5896,800,3653,4400,1645,800,5086,800,1153,2470,2428,2859,800,800,3529,1901,800,800,800,1804,3852,800,2030,800,1779,800,0,0,0,0,100,0,100,0,0,0,0,0,0,0,0,0,0,0,0,0,0,0,0,0,0,0,0,0,0,0,4.761904716491699,0,0,24564,23311,282494,49,97,114711.04388427734,68787.88409423828,0,134868701184,8589930496,4967034880,7077888
200,1760601531952,2662,800,3146,800,3837,800,5896,800,3653,4400,1645,800,5086,800,1153,2470,2428,2859,800,800,3529,1901,800,800,800,1804,3852,800,2030,800,1779,800,0,0,0,0,100,0,100,0,0,0,0,0,0,0,0,0,0,0,0,0,0,0,0,0,0,0,0,0,5,0,0,0,0,24564,23311,282824,50,97,114721.84887695313,68796.29803466797,0,134868701184,8589930496,4965965824,7077888
200,1760601532152,2662,800,3146,800,3837,800,5896,800,3653,4400,1645,800,5086,800,1153,2470,2428,2859,800,800,3529,1901,800,800,800,1804,3852,800,2030,800,1779,800,4.761904716491699,0,0,0,100,0,100,0,0,0,0,0,0,0,0,0,0,0,0,0,0,0,0,0,0,0,0,0,4.761904716491699,0,0,0,0,24564,23311,283152,49,97,114732.44622802734,68804.5062866211,0,134868701184,8589930496,4965822464,7077888
200,1760601532352,2662,800,3146,800,3837,800,5896,800,3653,4400,1645,800,5086,800,1153,2470,2428,2859,800,800,3529,1901,800,800,800,1804,3852,800,2030,800,1779,800,0,0,4.761904716491699,0,100,0,100,0,0,0,0,0,4.761904716491699,0,0,0,0,0,0,0,0,0,0,0,0,0,0,0,0,0,0,0,0,24564,23311,282908,49,96,114743.03271484375,68812.70007324219,0,134868701184,8589930496,4965822464,7077888
199,1760601532552,2662,800,3146,800,3837,800,5896,800,3653,4400,1645,800,5086,800,1153,2470,2428,2859,800,800,3529,1901,800,800,800,1804,3852,800,2030,800,1779,800,0,0,0,0,100,0,100,0,0,4.761904716491699,0,0,0,0,0,0,0,0,0,0,0,0,0,0,0,0,0,0,4.761904716491699,0,0,0,0,24564,23311,282908,49,97,114753.62475585938,68820.90710449219,0,134868701184,8589930496,4965822464,7077888
200,1760601532753,2662,800,3146,800,3837,800,5896,800,3653,4400,1645,800,5086,800,1153,2470,2428,2859,800,800,3529,1901,800,800,800,1804,3852,800,2030,800,1779,800,0,0,0,0,100,0,100,0,0,0,0,0,0,0,0,0,0,0,0,0,0,0,0,0,0,0,0,0,0,0,0,0,0,24564,23311,282987,50,97,114764.25646972656,68829.13671875,0,134868701184,8589930496,4965822464,7077888
200,1760601532953,2662,800,3146,800,3837,800,5896,800,3653,4400,1645,800,5086,800,1153,2470,2428,2859,800,800,3529,1901,800,800,800,1804,3852,800,2030,800,1779,800,0,0,0,0,100,0,100,0,0,0,0,0,0,0,0,0,0,0,0,0,0,0,0,0,0,0,4.761904716491699,0,4.761904716491699,0,0,0,0,24564,23311,282992,50,97,114774.92767333984,68837.41192626953,0,134868701184,8589930496,4965044224,7077888
199,1760601533153,2662,800,3146,800,3837,800,5896,800,3653,4400,1645,800,5086,800,1153,2470,2428,2859,800,800,3529,1901,800,800,800,1804,3852,800,2030,800,1779,800,0,0,0,0,100,0,100,0,0,0,0,0,4.761904716491699,0,0,0,0,0,0,0,0,0,0,0,0,0,0,0,0,0,0,0,0,24564,23311,282881,50,97,114785.51190185547,68845.60717773438,0,134868701184,8589930496,4964823040,7077888
199,1760601533353,2662,800,3146,800,3837,800,5896,800,3653,4400,1645,800,5086,800,1153,2470,2428,2859,800,800,3529,1901,800,800,800,1804,3852,800,2030,800,1779,800,5,0,0,0,100,0,100,0,0,0,0,0,0,0,0,0,0,0,0,0,0,0,0,0,0,0,0,0,4.761904716491699,0,0,0,0,24564,23311,283079,50,97,114796.1517944336,68853.8432006836,0,134868701184,8589930496,4957270016,7077888
199,1760601533553,2662,800,3146,800,3837,800,5896,800,3653,4400,1645,800,5086,800,1153,2470,2428,2859,800,800,3529,1901,800,800,800,1804,3852,800,2030,800,1779,800,9.523809432983398,0,0,0,100,0,100,0,0,0,0,0,0,0,0,0,0,0,0,0,0,0,0,0,0,0,0,0,0,0,0,0,0,24564,23311,283190,50,97,114806.72442626953,68862.0287475586,0,134868701184,8589930496,4965269504,7077888
200,1760601533753,2662,800,3146,800,3837,800,5896,800,3653,4400,1645,800,5086,800,1153,2470,2428,2859,800,800,3529,1901,800,800,800,1804,3852,800,2030,800,1779,800,0,0,0,0,100,0,100,0,0,0,0,0,0,0,0,0,0,0,0,0,0,0,0,0,0,0,0,0,0,0,0,0,0,24564,23311,282874,50,97,114817.36303710938,68870.25787353516,0,134868701184,8589930496,4965269504,7077888
200,1760601533953,2662,800,3146,800,3837,800,5896,800,3653,4400,1645,800,5086,800,1153,2470,2428,2859,800,800,3529,1901,800,800,800,1804,3852,800,2030,800,1779,800,0,0,0,0,100,0,100,0,0,0,0,0,0,0,0,0,0,0,0,0,0,0,0,0,0,0,0,0,0,0,0,0,0,24564,23311,282795,50,96,114827.9476928711,68878.44152832031,0,134868701184,8589930496,4964241408,7077888
200,1760601534153,2662,800,3146,800,3837,800,5896,800,3653,4400,1645,800,5086,800,1153,2470,2428,2859,800,800,3529,1901,800,800,800,1804,3852,800,2030,800,1779,800,0,0,4.761904716491699,0,100,0,100,0,0,0,0,0,0,0,0,0,0,0,0,0,0,0,0,0,0,0,0,0,0,0,0,0,0,24564,23311,282789,50,97,114838.40087890625,68886.49188232422,0,134868701184,8589930496,4962775040,7077888
200,1760601534353,2662,800,3146,800,3837,800,5896,800,3653,4400,1645,800,5086,800,1153,2470,2428,2859,800,800,3529,1901,800,800,800,1804,3852,800,2030,800,1779,800,4.761904716491699,0,0,0,100,0,100,0,0,0,0,0,4.761904716491699,0,0,0,0,0,0,0,0,0,0,0,0,0,0,0,0,0,0,0,0,24564,23311,282841,50,97,114848.90588378906,68894.59423828125,0,134868701184,8589930496,4967133184,7077888
200,1760601534553,2662,800,3146,800,3837,800,5896,800,3653,4400,1645,800,5086,800,1153,2470,2428,2859,800,800,3529,1901,800,800,800,1804,3852,800,2030,800,1779,800,0,4.761904716491699,0,0,100,0,100,0,0,0,0,0,0,0,0,0,0,0,0,0,0,0,0,0,0,0,0,0,0,0,0,0,0,24564,23311,282908,50,97,114859.35266113281,68902.64642333984,0,134868701184,8589930496,4967133184,7077888
200,1760601534753,2662,800,3146,800,3837,800,5896,800,3653,4400,1645,800,5086,800,1153,2470,2428,2859,800,800,3529,1901,800,800,800,1804,3852,800,2030,800,1779,800,0,0,0,0,100,0,100,0,0,0,0,0,0,0,0,0,0,0,0,0,0,0,0,0,0,0,0,0,0,0,0,0,0,24564,23311,282852,50,97,114869.8159790039,68910.7177734375,0,134868701184,8589930496,4967133184,7077888
200,1760601534953,2662,800,3146,800,3837,800,5896,800,3653,4400,1645,800,5086,800,1153,2470,2428,2859,800,800,3529,1901,800,800,800,1804,3852,800,2030,800,1779,800,0,0,0,0,100,0,100,0,0,0,0,0,0,0,0,0,0,0,0,0,0,0,0,0,0,0,5,0,0,0,0,0,0,24564,23311,283004,50,96,114880.17852783203,68918.69030761719,0,134868701184,8589930496,4967002112,7077888
200,1760601535153,2662,800,3146,800,3837,800,5896,800,3653,4400,1645,800,5086,800,1153,2470,2428,2859,800,800,3529,1901,800,800,800,1804,3852,800,2030,800,1779,800,5,0,0,0,100,0,100,0,4.761904716491699,0,0,0,0,0,0,0,0,0,0,0,0,0,0,0,0,0,0,0,0,0,0,0,0,24564,23311,282926,50,97,114890.6519165039,68926.76153564453,0,134868701184,8589930496,4967002112,7077888
200,1760601535353,2662,800,3146,800,3837,800,5896,800,3653,4400,1645,800,5086,800,1153,2470,2428,2859,800,800,3529,1901,800,800,800,1804,3852,800,2030,800,1779,800,0,0,0,0,100,0,100,0,0,0,0,0,0,0,0,0,0,0,0,0,0,0,0,0,0,0,0,0,0,0,0,0,0,24564,23311,282947,50,97,114901.1449584961,68934.8568725586,0,134868701184,8589930496,4966998016,7077888
199,1760601535553,2662,800,3146,800,3837,800,5896,800,3653,4400,1645,800,5086,800,1153,2470,2428,2859,800,800,3529,1901,800,800,800,1804,3852,800,2030,800,1779,800,4.761904716491699,0,5,0,100,0,100,0,0,0,0,0,4.761904716491699,0,0,0,0,0,0,0,0,0,0,0,0,0,0,0,0,0,0,0,0,24564,23311,282925,50,97,114911.70654296875,68943.01513671875,0,134868701184,8589930496,4966998016,7077888
200,1760601535753,2662,800,3146,800,3837,800,5896,800,3653,4400,1645,800,5086,800,1153,2470,2428,2859,800,800,3529,1901,800,800,800,1804,3852,800,2030,800,1779,800,0,0,0,0,100,0,100,0,0,0,0,0,0,0,0,0,0,0,0,0,0,0,0,0,0,0,0,0,4.761904716491699,0,0,0,0,24564,23311,282933,50,97,114922.27770996094,68951.1860961914,0,134868701184,8589930496,4966998016,7077888
200,1760601535953,2662,800,3146,800,3837,800,5896,800,3653,4400,1645,800,5086,800,1153,2470,2428,2859,800,800,3529,1901,800,800,800,1804,3852,800,2030,800,1779,800,0,0,0,0,5,95,95.23809814453125,0,0,0,0,0,0,0,0,0,0,0,0,0,0,0,0,0,0,0,0,0,0,0,0,0,0,24564,23311,282852,50,97,114932.91400146484,68959.40991210938,0,134868701184,8589930496,4966998016,7077888
200,1760601536154,2662,800,3146,800,3837,800,5896,800,3653,4400,1645,800,5086,800,1153,2470,2428,2859,800,800,3529,1901,800,800,800,1804,3852,800,2030,800,1779,800,4.761904716491699,0,0,0,0,100,0,100,0,0,0,0,0,0,0,0,0,0,0,0,0,0,0,0,0,0,0,0,0,0,4.761904716491699,0,0,24564,23311,283056,50,96,114943.42443847656,68967.52722167969,0,134868701184,8589930496,4958687232,7077888
200,1760601536354,2662,800,3146,800,3837,800,5896,800,3653,4400,1645,800,5086,800,1153,2470,2428,2859,800,800,3529,1901,800,800,800,1804,3852,800,2030,800,1779,800,0,4.761904716491699,0,0,0,100,0,100,0,0,0,0,0,0,0,0,0,0,0,0,0,0,0,0,0,0,0,0,0,0,0,0,0,24564,23311,283111,50,97,114953.98150634766,68975.68267822266,0,134868701184,8589930496,4966686720,7077888
200,1760601536554,2662,800,3146,800,3837,800,5896,800,3653,4400,1645,800,5086,800,1153,2470,2428,2859,800,800,3529,1901,800,800,800,1804,3852,800,2030,800,1779,800,5,0,0,0,0,100,0,100,0,0,0,0,0,0,0,0,0,0,0,0,0,0,0,0,0,0,0,0,0,0,0,0,0,24564,23311,283208,50,97,114964.52838134766,68983.82763671875,0,134868701184,8589930496,4966686720,7077888
199,1760601536754,2662,800,3146,800,3837,800,5896,800,3653,4400,1645,800,5086,800,1153,2470,2428,2859,800,800,3529,1901,800,800,800,1804,3852,800,2030,800,1779,800,4.761904716491699,0,0,0,0,100,0,100,0,0,0,0,0,0,0,0,0,0,0,0,0,0,0,0,0,0,0,0,4.761904716491699,0,0,0,0,24564,23311,283235,50,97,114975.09704589844,68992,0,134868701184,8589930496,4966686720,7077888
199,1760601536954,2662,800,3146,800,3837,800,5896,800,3653,4400,1645,800,5086,800,1153,2470,2428,2859,800,800,3529,1901,800,800,800,1804,3852,800,2030,800,1779,800,0,0,0,0,0,100,19.047618865966797,80.95238494873047,0,0,0,0,0,0,0,0,0,0,0,0,0,0,0,0,0,0,4.761904716491699,0,0,0,0,0,0,24564,23311,283352,50,97,114985.68408203125,69000.18145751953,0,134868701184,8589930496,4966686720,7077888
199,1760601537154,2662,800,3146,800,3837,800,5896,800,3653,4400,1645,800,5086,800,1153,2470,2428,2859,800,800,3529,1901,800,800,800,1804,3852,800,2030,800,1779,800,5,0,0,0,0,100,100,0,0,0,0,0,4.761904716491699,0,0,0,0,0,0,0,0,0,0,0,0,0,0,0,0,0,0,0,0,24564,23311,283553,50,97,114996.2982788086,69008.3959350586,0,134868701184,8589930496,4966686720,7077888
199,1760601537354,2662,800,3146,800,3837,800,5896,800,3653,4400,1645,800,5086,800,1153,2470,2428,2859,800,800,3529,1901,800,800,800,1804,3852,800,2030,800,1779,800,0,4.761904716491699,0,0,0,100,100,0,0,0,0,0,0,0,0,0,0,0,0,0,0,0,0,0,0,0,0,0,0,0,0,0,0,24564,23311,283575,50,97,115006.87481689453,69016.5825805664,0,134868701184,8589930496,4966686720,7077888
200,1760601537554,2662,800,3146,800,3837,800,5896,800,3653,4400,1645,800,5086,800,1153,2470,2428,2859,800,800,3529,1901,800,800,800,1804,3852,800,2030,800,1779,800,5,0,0,0,0,100,100,0,0,0,0,0,0,0,0,0,0,0,0,0,0,0,0,0,0,0,0,0,0,0,0,0,0,24564,23311,283246,50,97,115017.39208984375,69024.70098876953,0,134868701184,8589930496,4966682624,7077888
200,1760601537754,2662,800,3146,800,3837,800,5896,800,3653,4400,1645,800,5086,800,1153,2470,2428,2859,800,800,3529,1901,800,800,800,1804,3852,800,2030,800,1779,800,0,0,0,0,0,100,100,0,0,0,0,0,0,0,0,0,0,0,0,0,0,0,0,0,0,0,0,0,0,0,0,0,0,24564,23311,283133,50,96,115027.98596191406,69032.87854003906,0,134868701184,8589930496,4966682624,7077888
200,1760601537954,2662,800,3146,800,3837,800,5896,800,3653,4400,1645,800,5086,800,1153,2470,2428,2859,800,800,3529,1901,800,800,800,1804,3852,800,2030,800,1779,800,0,0,0,0,0,100,100,0,5,0,0,0,0,0,0,0,0,0,0,0,0,0,0,0,0,0,0,0,0,0,0,0,0,24564,23311,282983,50,97,115038.50360107422,69040.98974609375,0,134868701184,8589930496,4966682624,7077888
200,1760601538154,2662,800,3146,800,3837,800,5896,800,3653,4400,1645,800,5086,800,1153,2470,2428,2859,800,800,3529,1901,800,800,800,1804,3852,800,2030,800,1779,800,5,0,0,0,0,100,100,0,0,0,0,0,4.761904716491699,0,0,0,0,0,0,0,0,0,0,0,0,0,0,0,0,0,0,0,0,24564,23311,283016,50,97,115048.9916381836,69049.0726928711,0,134868701184,8589930496,4966682624,7077888
200,1760601538354,2662,800,3146,800,3837,800,5896,800,3653,4400,1645,800,5086,800,1153,2470,2428,2859,800,800,3529,1901,800,800,800,1804,3852,800,2030,800,1779,800,0,0,0,0,0,100,100,0,0,0,0,0,0,0,0,0,0,0,0,0,0,0,0,0,0,0,0,0,0,0,0,0,0,24564,23311,283075,50,97,115059.52429199219,69057.18817138672,0,134868701184,8589930496,4966682624,7077888
200,1760601538554,2662,800,3146,800,3837,800,5896,800,3653,4400,1645,800,5086,800,1153,2470,2428,2859,800,800,3529,1901,800,800,800,1804,3852,800,2030,800,1779,800,0,4.761904716491699,4.761904716491699,0,0,100,100,0,0,0,0,0,0,0,0,0,0,0,0,0,0,0,0,0,0,0,0,0,0,0,0,0,0,24564,23311,282915,50,97,115070.19714355469,69065.44500732422,0,134868701184,8589930496,4966682624,7077888
200,1760601538754,2662,800,3146,800,3837,800,5896,800,3653,4400,1645,800,5086,800,1153,2470,2428,2859,800,800,3529,1901,800,800,800,1804,3852,800,2030,800,1779,800,9.090909004211426,0,0,0,0,100,100,0,0,0,0,0,0,0,0,0,0,0,0,0,0,0,0,0,0,0,0,0,0,0,0,0,0,24564,23311,283027,50,96,115080.69256591797,69073.517578125,0,134868701184,8589930496,4966682624,7077888
200,1760601538954,2662,800,3146,800,3837,800,5896,800,3653,4400,1645,800,5086,800,1153,2470,2428,2859,800,800,3529,1901,800,800,800,1804,3852,800,2030,800,1779,800,0,0,0,0,0,100,100,0,0,0,0,0,0,0,0,0,0,0,0,0,0,0,0,0,0,0,0,0,0,0,0,0,0,24564,23311,283053,50,97,115091.11730957031,69081.53826904297,0,134868701184,8589930496,4966682624,7077888
200,1760601539154,2662,800,3146,800,3837,800,5896,800,3653,4400,1645,800,5086,800,1153,2470,2428,2859,800,800,3529,1901,800,800,800,1804,3852,800,2030,800,1779,800,5,0,0,0,0,100,100,0,0,0,0,0,0,0,0,0,0,0,0,0,0,0,0,0,0,0,0,0,0,0,0,0,0,24564,23311,282943,50,97,115101.60803222656,69089.61120605469,0,134868701184,8589930496,4958400512,7077888
200,1760601539354,2662,800,3146,800,3837,800,5896,800,3653,4400,1645,800,5086,800,1153,2470,2428,2859,800,800,3529,1901,800,800,800,1804,3852,800,2030,800,1779,800,0,0,0,0,0,100,100,0,0,0,0,0,0,0,0,0,0,0,0,0,0,0,0,0,0,0,0,0,0,0,0,0,0,24564,23311,282882,50,97,115112.06860351563,69097.66302490234,0,134868701184,8589930496,4966400000,7077888
200,1760601539554,2662,800,3146,800,3837,800,5896,800,3653,4400,1645,800,5086,800,1153,2470,2428,2859,800,800,3529,1901,800,800,800,1804,3852,800,2030,800,1779,800,0,0,0,0,0,100,100,0,0,0,0,0,0,0,0,0,0,0,0,0,0,0,0,0,0,0,0,0,0,0,0,0,0,24564,23311,282864,50,97,115122.49700927734,69105.69702148438,0,134868701184,8589930496,4966400000,7077888
200,1760601539754,2662,800,3146,800,3837,800,5896,800,3653,4400,1645,800,5086,800,1153,2470,2428,2859,800,800,3529,1901,800,800,800,1804,3852,800,2030,800,1779,800,5,4.761904716491699,0,0,0,100,100,0,0,0,0,0,0,0,0,0,0,0,0,0,0,0,0,0,0,0,4.761904716491699,0,0,0,0,0,0,24564,23311,282831,50,96,115132.99542236328,69113.78814697266,0,134868701184,8589930496,4966400000,7077888
200,1760601539955,2662,800,3146,800,3837,800,5896,800,3653,4400,1645,800,5086,800,1153,2470,2428,2859,800,800,3529,1901,800,800,800,1804,3852,800,2030,800,1779,800,0,0,0,0,0,100,100,0,0,0,4.761904716491699,0,4.761904716491699,0,0,0,0,0,0,0,0,0,0,0,0,0,0,0,0,0,0,0,0,24564,23311,282971,50,97,115143.44134521484,69121.8306274414,0,134868701184,8589930496,4966395904,7077888
200,1760601540155,2662,800,3146,800,3837,800,5896,800,3653,4400,1645,800,5086,800,1153,2470,2428,2859,800,800,3529,1901,800,800,800,1804,3852,800,2030,800,1779,800,5,0,0,0,0,100,100,0,0,0,0,0,0,0,0,0,0,0,0,0,0,0,0,0,0,0,0,0,0,0,0,0,0,24564,23311,283017,50,97,115153.86450195313,69129.85382080078,0,134868701184,8589930496,4966395904,7077888
200,1760601540355,2662,800,3146,800,3837,800,5896,800,3653,4400,1645,800,5086,800,1153,2470,2428,2859,800,800,3529,1901,800,800,800,1804,3852,800,2030,800,1779,800,0,0,0,0,0,100,100,0,0,4.761904716491699,0,0,0,0,0,0,0,0,0,0,0,0,0,0,0,0,0,0,5,0,0,0,0,24564,23311,283123,50,97,115164.26770019531,69137.85461425781,0,134868701184,8589930496,4966395904,7077888
199,1760601540555,2662,800,3146,800,3837,800,5896,800,3653,4400,1645,800,5086,800,1153,2470,2428,2859,800,800,3529,1901,800,800,800,1804,3852,800,2030,800,1779,800,4.761904716491699,0,0,0,0,100,100,0,0,0,0,0,4.761904716491699,0,0,0,0,0,0,0,0,0,0,0,0,0,0,0,0,0,0,0,0,24564,23311,283146,50,97,115174.64862060547,69145.84088134766,0,134868701184,8589930496,4966395904,7077888
199,1760601540755,2662,800,3146,800,3837,800,5896,800,3653,4400,1645,800,5086,800,1153,2470,2428,2859,800,800,3529,1901,800,800,800,1804,3852,800,2030,800,1779,800,0,0,0,0,0,100,100,0,0,0,0,0,0,0,0,0,0,0,0,0,0,0,0,0,0,0,0,0,0,0,0,0,0,24564,23311,283568,50,97,115185.14538574219,69153.93054199219,0,134868701184,8589930496,4966395904,7077888
199,1760601540955,2662,800,3146,800,3837,800,5896,800,3653,4400,1645,800,5086,800,1153,2470,2428,2859,800,800,3529,1901,800,800,800,1804,3852,800,2030,800,1779,800,5,0,0,0,0,100,100,0,0,0,0,0,0,0,0,0,0,0,0,0,0,0,0,0,0,0,0,0,0,0,0,0,0,24564,23311,283748,50,97,115195.28985595703,69161.64587402344,0,134868701184,8589930496,4966395904,7077888
199,1760601541155,2662,800,3146,800,3837,800,5896,800,3653,4400,1645,800,5086,800,1153,2470,2428,2859,800,800,3529,1901,800,800,800,1804,3852,800,2030,800,1779,800,4.761904716491699,0,0,0,0,100,100,0,0,0,0,0,0,0,0,0,0,0,0,0,0,0,0,0,0,0,0,0,0,0,0,0,0,24564,23311,283601,50,97,115205.71936035156,69169.67083740234,0,134868701184,8589930496,4966395904,7077888
200,1760601541355,2662,800,3146,800,3837,800,5896,800,3653,4400,1645,800,5086,800,1153,2470,2428,2859,800,800,3529,1901,800,800,800,1804,3852,800,2030,800,1779,800,0,0,0,0,0,100,100,0,0,0,0,0,0,0,0,0,0,0,0,0,0,0,0,0,0,0,0,0,0,0,0,0,0,24564,23311,283722,50,96,115216.33154296875,69177.87951660156,0,134868701184,8589930496,4966395904,7077888
200,1760601541555,2662,800,3146,800,3837,800,5896,800,3653,4400,1645,800,5086,800,1153,2470,2428,2859,800,800,3529,1901,800,800,800,1804,3852,800,2030,800,1779,800,0,4.761904716491699,0,0,0,100,100,0,0,0,0,0,0,0,0,0,0,0,0,0,0,0,0,0,0,0,0,0,0,0,0,0,0,24564,23311,283799,50,97,115226.90905761719,69186.05401611328,0,134868701184,8589930496,4966395904,7077888
200,1760601541755,2662,800,3146,800,3837,800,5896,800,3653,4400,1645,800,5086,800,1153,2470,2428,2859,800,800,3529,1901,800,800,800,1804,3852,800,2030,800,1779,800,4.761904716491699,0,0,0,0,100,100,0,0,0,0,0,0,0,0,0,0,0,0,0,0,0,0,0,0,0,0,0,0,0,0,0,0,24564,23311,283759,50,97,115237.52612304688,69194.26525878906,0,134868701184,8589930496,4966395904,7077888
200,1760601541955,2662,800,3146,800,3837,800,5896,800,3653,4400,1645,800,5086,800,1153,2470,2428,2859,800,800,3529,1901,800,800,800,1804,3852,800,2030,800,1779,800,0,0,0,0,0,100,100,0,0,0,0,0,4.761904716491699,0,0,0,0,0,0,0,0,0,0,0,0,0,0,0,0,0,0,0,0,24564,23311,283765,50,97,115247.98724365234,69202.32415771484,0,134868701184,8589930496,4966395904,7077888
200,1760601542155,2662,800,3146,800,3837,800,5896,800,3653,4400,1645,800,5086,800,1153,2470,2428,2859,800,800,3529,1901,800,800,800,1804,3852,800,2030,800,1779,800,0,0,0,0,0,100,100,0,0,0,0,0,0,0,0,0,0,0,0,0,0,0,0,0,0,0,0,0,4.761904716491699,0,0,0,0,24564,23311,283825,50,97,115258.47839355469,69210.408203125,0,134868701184,8589930496,4956680192,7077888
200,1760601542355,2662,800,3146,800,3837,800,5896,800,3653,4400,1645,800,5086,800,1153,2470,2428,2859,800,800,3529,1901,800,800,800,1804,3852,800,2030,800,1779,800,5,0,0,0,0,100,100,0,0,0,0,0,0,0,0,0,0,0,0,0,0,0,0,0,0,0,0,0,0,0,0,0,0,24564,23311,283757,50,96,115269.0337524414,69218.55279541016,0,134868701184,8589930496,4964675584,7077888
200,1760601542555,2662,800,3146,800,3837,800,5896,800,3653,4400,1645,800,5086,800,1153,2470,2428,2859,800,800,3529,1901,800,800,800,1804,3852,800,2030,800,1779,800,0,0,0,0,0,100,95,5,0,0,0,0,0,0,0,0,0,0,0,0,0,0,0,0,0,0,4.761904716491699,0,0,0,4.761904716491699,0,0,24564,23311,283667,50,97,115279.6254272461,69226.75305175781,0,134868701184,8589930496,4964675584,7077888
200,1760601542755,2662,800,3146,800,3837,800,5896,800,3653,4400,1645,800,5086,800,1153,2470,2428,2859,800,800,3529,1901,800,800,800,1804,3852,800,2030,800,1779,800,0,0,0,0,0,100,0,100,0,0,0,0,0,0,0,0,0,0,0,0,0,0,0,0,0,0,0,5,0,0,0,0,0,24564,23311,283522,50,97,115290.21661376953,69234.94213867188,0,134868701184,8589930496,4964675584,7077888
200,1760601542955,2662,800,3146,800,3837,800,5896,800,3653,4400,1645,800,5086,800,1153,2470,2428,2859,800,800,3529,1901,800,800,800,1804,3852,800,2030,800,1779,800,5,0,0,0,0,100,0,100,0,4.761904716491699,0,0,4.761904716491699,0,0,0,0,0,0,0,0,0,0,0,0,0,4.761904716491699,0,0,0,0,0,0,24564,23311,283539,50,97,115300.89001464844,69243.1928100586,0,134868701184,8589930496,4964675584,7077888
200,1760601543155,2662,800,3146,800,3837,800,5896,800,3653,4400,1645,800,5086,800,1153,2470,2428,2859,800,800,3529,1901,800,800,800,1804,3852,800,2030,800,1779,800,0,0,0,0,0,100,19.047618865966797,57.142860412597656,0,10,0,0,0,0,0,0,0,0,0,0,0,0,0,0,0,0,10.526315689086914,0,0,0,5,0,0,24564,23311,282977,50,97,115311.18731689453,69251.0849609375,0,134868701184,8589930496,4964675584,7077888
200,1760601543355,2662,800,3146,800,3837,800,5896,800,3653,4400,1645,800,5086,800,1153,2470,2428,2859,800,800,3529,1901,800,800,800,1804,3852,800,2030,800,1779,800,9.523809432983398,0,0,0,0,100,100,0,0,0,0,0,0,0,0,0,0,0,0,0,0,0,0,0,0,0,4.761904716491699,0,0,0,0,0,0,24564,23311,282979,50,95,115321.85339355469,69259.33935546875,0,134868701184,8589930496,4964675584,7077888
200,1760601543555,2662,800,3146,800,3837,800,5896,800,3653,4400,1645,800,5086,800,1153,2470,2428,2859,800,800,3529,1901,800,800,800,1804,3852,800,2030,800,1779,800,0,0,0,0,0,100,100,0,0,0,0,0,0,0,0,0,0,0,0,0,0,0,0,0,0,0,0,0,0,0,0,0,0,24564,23311,282999,50,97,115332.44445800781,69267.53106689453,0,134868701184,8589930496,4964675584,7077888
200,1760601543756,2662,800,3146,800,3837,800,5896,800,3653,4400,1645,800,5086,800,1153,2470,2428,2859,800,800,3529,1901,800,800,800,1804,3852,800,2030,800,1779,800,4.761904716491699,0,0,0,0,100,100,0,0,0,0,0,0,0,0,0,0,0,0,0,0,0,0,0,0,0,0,0,0,0,0,0,0,24564,23311,283084,50,97,115343.091796875,69275.77044677734,0,134868701184,8589930496,4964675584,7077888
200,1760601543956,2662,800,3146,800,3837,800,5896,800,3653,4400,1645,800,5086,800,1153,2470,2428,2859,800,800,3529,1901,800,800,800,1804,3852,800,2030,800,1779,800,5,0,0,0,0,100,100,0,0,0,0,0,0,0,0,0,0,0,0,0,0,0,0,0,0,0,0,0,0,0,0,0,0,24564,23311,283139,50,97,115353.68560791016,69283.97741699219,0,134868701184,8589930496,4964675584,7077888
200,1760601544156,2662,800,3146,800,3837,800,5896,800,3653,4400,1645,800,5086,800,1153,2470,2428,2859,800,800,3529,1901,800,800,800,1804,3852,800,2030,800,1779,800,0,4.761904716491699,0,0,0,100,100,0,0,0,0,0,5,0,0,0,0,0,0,0,0,0,0,0,0,0,0,0,0,0,0,0,0,24564,23311,283106,50,97,115364.32696533203,69292.2119140625,0,134868701184,8589930496,4964675584,7077888
199,1760601544356,2662,800,3146,800,3837,800,5896,800,3653,4400,1645,800,5086,800,1153,2470,2428,2859,800,800,3529,1901,800,800,800,1804,3852,800,2030,800,1779,800,4.761904716491699,0,0,0,0,100,100,0,4.761904716491699,0,0,0,0,0,0,0,0,0,0,0,0,0,0,0,0,0,0,0,0,0,0,0,0,24564,23311,283604,50,96,115374.93273925781,69300.40600585938,0,134868701184,8589930496,4964675584,7077888
199,1760601544556,2662,800,3146,800,3837,800,5896,800,3653,4400,1645,800,5086,800,1153,2470,2428,2859,800,800,3529,1901,800,800,800,1804,3852,800,2030,800,1779,800,0,0,0,0,0,100,100,0,0,0,0,0,0,0,0,0,0,0,0,0,0,0,0,0,0,0,0,4.761904716491699,4.761904716491699,0,0,0,0,24564,23311,283492,50,97,115384.9345703125,69308.00183105469,0,134868701184,8589930496,4964671488,7077888
199,1760601544756,2662,800,3146,800,3837,800,5896,800,3653,4400,1645,800,5086,800,1153,2470,2428,2859,800,800,3529,1901,800,800,800,1804,3852,800,2030,800,1779,800,0,0,0,0,0,100,100,0,0,0,0,0,0,0,0,0,0,0,0,0,0,0,0,0,0,0,0,0,0,0,0,0,0,24564,23311,283356,50,97,115395.3589477539,69316.01782226563,0,134868701184,8589930496,4964671488,7077888
199,1760601544956,2662,800,3146,800,3837,800,5896,800,3653,4400,1645,800,5086,800,1153,2470,2428,2859,800,800,3529,1901,800,800,800,1804,3852,800,2030,800,1779,800,4.761904716491699,0,4.761904716491699,0,0,100,100,0,0,0,0,0,0,0,0,0,0,0,0,0,0,0,0,0,0,0,0,0,0,0,0,0,0,24564,23311,283349,50,97,115405.97985839844,69324.24475097656,0,134868701184,8589930496,4964671488,7077888
200,1760601545156,2662,800,3146,800,3837,800,5896,800,3653,4400,1645,800,5086,800,1153,2470,2428,2859,800,800,3529,1901,800,800,800,1804,3852,800,2030,800,1779,800,0,0,0,0,0,100,100,0,0,0,0,0,4.761904716491699,0,0,0,0,0,0,0,0,0,0,0,0,0,0,0,4.761904716491699,0,5,0,0,24564,23311,283222,50,97,115416.61700439453,69332.48815917969,0,134868701184,8589930496,4956606464,7077888
200,1760601545356,2662,800,3146,800,3837,800,5896,800,3653,4400,1645,800,5086,800,1153,2470,2428,2859,800,800,3529,1901,800,800,800,1804,3852,800,2030,800,1779,800,0,0,0,0,0,100,100,0,0,0,0,0,0,0,0,0,0,0,0,0,0,0,0,0,0,0,0,0,0,0,0,0,0,24564,23311,283423,50,97,115427.1968383789,69340.66333007813,0,134868701184,8589930496,4964605952,7077888
200,1760601545556,2662,800,3146,800,3837,800,5896,800,3653,4400,1645,800,5086,800,1153,2470,2428,2859,800,800,3529,1901,800,800,800,1804,3852,800,2030,800,1779,800,4.761904716491699,0,0,0,0,100,100,0,0,0,0,0,4.761904716491699,0,0,0,0,0,0,0,0,0,0,0,0,0,0,0,0,0,0,0,0,24564,23311,283428,50,97,115437.93176269531,69348.99530029297,0,134868701184,8589930496,4964605952,7077888
200,1760601545756,2662,800,3146,800,3837,800,5896,800,3653,4400,1645,800,5086,800,1153,2470,2428,2859,800,800,3529,1901,800,800,800,1804,3852,800,2030,800,1779,800,5,0,0,0,0,100,100,0,0,0,0,0,0,0,0,0,0,0,0,0,0,0,0,0,0,0,0,0,0,0,0,0,0,24564,23311,283217,50,96,115448.41552734375,69357.0830078125,0,134868701184,8589930496,4964605952,7077888
200,1760601545956,2662,800,3146,800,3837,800,5896,800,3653,4400,1645,800,5086,800,1153,2470,2428,2859,800,800,3529,1901,800,800,800,1804,3852,800,2030,800,1779,800,0,0,0,0,0,100,100,0,0,0,0,0,0,0,0,0,0,0,0,0,0,0,0,0,0,0,4.761904716491699,0,0,0,0,0,0,24564,23311,283080,50,97,115459.40844726563,69365.65155029297,0,134868701184,8589930496,4964605952,7077888
200,1760601546156,2662,800,3146,800,3837,800,5896,800,3653,4400,1645,800,5086,800,1153,2470,2428,2859,800,800,3529,1901,800,800,800,1804,3852,800,2030,800,1779,800,0,0,0,0,0,100,95,0,5,0,0,0,0,0,0,0,0,0,0,0,0,0,0,0,0,0,0,0,0,0,0,0,0,24564,23311,282928,50,97,115470.26403808594,69374.08630371094,0,134868701184,8589930496,4964605952,7077888
200,1760601546356,2662,800,3146,800,3837,800,5896,800,3653,4400,1645,800,5086,800,1153,2470,2428,2859,800,800,3529,1901,800,800,800,1804,3852,800,2030,800,1779,800,5,0,0,0,0,100,85.71428680419922,0,5,0,0,0,0,0,0,0,0,0,0,0,0,0,0,0,0,0,0,0,5,0,0,0,0,24564,23311,282466,50,96,115480.73309326172,69382.12664794922,0,134868701184,8589930496,4964605952,7077888
200,1760601546556,2662,800,3146,800,3837,800,5896,800,3653,4400,1645,800,5086,800,1153,2470,2428,2859,800,800,3529,1901,800,800,800,1804,3852,800,2030,800,1779,800,0,4.761904716491699,0,0,0,100,100,0,0,0,0,0,0,0,0,0,0,0,0,0,0,0,0,0,0,0,0,0,0,0,0,0,0,24564,23311,282204,50,97,115491.06622314453,69390.04974365234,0,134868701184,8589930496,4964605952,7077888
200,1760601546756,2662,800,3146,800,3837,800,5896,800,3653,4400,1645,800,5086,800,1153,2470,2428,2859,800,800,3529,1901,800,800,800,1804,3852,800,2030,800,1779,800,0,0,0,0,0,100,100,0,0,0,0,0,0,0,0,0,0,0,0,0,0,0,0,0,0,0,0,0,0,0,0,0,0,24564,23311,282295,50,96,115501.78271484375,69398.3578491211,0,134868701184,8589930496,4964605952,7077888
200,1760601546956,2662,800,3146,800,3837,800,5896,800,3653,4400,1645,800,5086,800,1153,2470,2428,2859,800,800,3529,1901,800,800,800,1804,3852,800,2030,800,1779,800,4.761904716491699,0,0,0,0,100,100,0,0,0,0,0,0,0,0,0,0,0,0,0,0,0,0,0,0,0,0,0,0,0,0,0,0,24564,23311,282478,50,97,115512.44738769531,69406.61328125,0,134868701184,8589930496,4964601856,7077888
200,1760601547156,2662,800,3146,800,3837,800,5896,800,3653,4400,1645,800,5086,800,1153,2470,2428,2859,800,800,3529,1901,800,800,800,1804,3852,800,2030,800,1779,800,0,0,0,0,95,0,100,0,0,0,0,0,0,0,0,0,0,0,0,0,0,0,0,0,0,0,0,0,0,0,0,0,0,24564,23311,282512,50,97,115522.46765136719,69414.23321533203,0,134868701184,8589930496,4964601856,7077888
200,1760601547356,2662,800,3146,800,3837,800,5896,800,3653,4400,1645,800,5086,800,1153,2470,2428,2859,800,800,3529,1901,800,800,800,1804,3852,800,2030,800,1779,800,5,0,4.761904716491699,0,100,0,100,0,0,0,0,0,0,0,0,0,0,0,0,0,0,0,0,0,0,0,0,0,0,0,0,0,0,24564,23311,283227,50,97,115532.49548339844,69421.8623046875,0,134868701184,8589930496,4964601856,7077888
200,1760601547557,2662,800,3146,800,3837,800,5896,800,3653,4400,1645,800,5086,800,1153,2470,2428,2859,800,800,3529,1901,800,800,800,1804,3852,800,2030,800,1779,800,0,0,0,0,100,0,100,0,0,0,0,0,0,0,0,0,0,0,0,0,0,0,0,0,0,0,0,0,0,0,0,0,0,24564,23311,283187,50,96,115542.42138671875,69429.4008178711,0,134868701184,8589930496,4964601856,7077888
200,1760601547757,2662,800,3146,800,3837,800,5896,800,3653,4400,1645,800,5086,800,1153,2470,2428,2859,800,800,3529,1901,800,800,800,1804,3852,800,2030,800,1779,800,5,0,0,0,100,0,100,0,0,0,0,0,0,0,0,0,0,0,0,0,0,0,0,0,0,0,4.761904716491699,0,0,0,0,0,0,24564,23311,283370,50,97,115552.40826416016,69436.99212646484,0,134868701184,8589930496,4964601856,7077888
200,1760601547957,2662,800,3146,800,3837,800,5896,800,3653,4400,1645,800,5086,800,1153,2470,2428,2859,800,800,3529,1901,800,800,800,1804,3852,800,2030,800,1779,800,5,0,0,0,100,0,100,0,0,0,0,0,0,0,0,0,0,0,0,0,0,0,0,0,0,0,0,0,0,0,0,0,0,24564,23311,283510,50,97,115562.90545654297,69445.10369873047,0,134868701184,8589930496,4964601856,7077888
199,1760601548157,2662,800,3146,800,3837,800,5896,800,3653,4400,1645,800,5086,800,1153,2470,2428,2859,800,800,3529,1901,800,800,800,1804,3852,800,2030,800,1779,800,0,0,0,0,100,0,100,0,0,0,0,0,0,0,0,0,0,0,0,0,0,0,0,0,0,0,0,0,0,0,4.761904716491699,0,0,24564,23311,283588,50,97,115573.45727539063,69453.26159667969,0,134868701184,8589930496,4964556800,7077888
200,1760601548357,2662,800,3146,800,3837,800,5896,800,3653,4400,1645,800,5086,800,1153,2470,2428,2859,800,800,3529,1901,800,800,800,1804,3852,800,2030,800,1779,800,4.761904716491699,0,0,0,100,0,100,0,0,0,0,0,0,0,0,0,0,0,0,0,0,0,0,0,0,0,0,0,0,0,4.761904716491699,0,0,24564,23311,283609,50,97,115583.8910522461,69461.29858398438,0,134868701184,8589930496,4964786176,7077888
199,1760601548557,2662,800,3146,800,3837,800,5896,800,3653,4400,1645,800,5086,800,1153,2470,2428,2859,800,800,3529,1901,800,800,800,1804,3852,800,2030,800,1779,800,0,4.761904716491699,0,0,100,0,100,0,0,0,0,0,0,0,0,0,0,0,0,0,0,0,0,0,0,0,0,0,0,0,0,0,0,24564,23311,283533,50,96,115593.990234375,69469.01098632813,0,134868701184,8589930496,4964786176,7077888
199,1760601548757,2662,800,3146,800,3837,800,5896,800,3653,4400,1645,800,5086,800,1153,2470,2428,2859,800,800,3529,1901,800,800,800,1804,3852,800,2030,800,1779,800,0,0,0,0,100,0,100,0,0,0,0,0,0,0,0,0,0,0,0,0,0,0,0,0,0,0,4.761904716491699,0,4.761904716491699,0,0,0,0,24564,23311,283522,50,97,115604.49060058594,69477.1050415039,0,134868701184,8589930496,4964786176,7077888
200,1760601548957,2662,800,3146,800,3837,800,5896,800,3653,4400,1645,800,5086,800,1153,2470,2428,2859,800,800,3529,1901,800,800,800,1804,3852,800,2030,800,1779,800,9.523809432983398,0,0,0,95,0,100,0,0,0,0,0,0,0,0,0,0,0,0,0,0,0,0,0,0,0,0,0,0,0,0,0,0,24564,23311,283474,50,97,115615.01873779297,69485.23706054688,0,134868701184,8589930496,4964786176,7077888
200,1760601549157,2662,800,3146,800,3837,800,5896,800,3653,4400,1645,800,5086,800,1153,2470,2428,2859,800,800,3529,1901,800,800,800,1804,3852,800,2030,800,1779,800,30.000001907348633,35,0,0,40,0,90,0,5,0,0,0,4.761904716491699,0,0,0,0,0,0,0,0,0,0,0,0,0,0,0,10,0,0,0,0,24564,23311,283184,50,97,115625.07647705078,69492.86810302734,0,134868701184,8589930496,4981043200,7077888
200,1760601549357,2662,800,3146,800,3837,800,5896,800,3653,4400,1645,800,5086,800,1153,2470,2428,2859,800,800,3529,1901,800,800,800,1804,3852,800,2030,800,1779,800,0,4.761904716491699,0,0,100,0,95,0,4.761904716491699,0,0,0,0,0,0,0,0,0,0,0,0,0,0,0,0,0,0,0,5,0,0,0,0,24564,23311,282885,50,96,115634.98565673828,69500.38732910156,0,134868701184,8589930496,4981043200,7077888
200,1760601549557,2662,800,3146,800,3837,800,5896,800,3653,4400,1645,800,5086,800,1153,2470,2428,2859,800,800,3529,1901,800,800,800,1804,3852,800,2030,800,1779,800,5,0,4.761904716491699,0,100,0,85,0,10.526315689086914,0,0,0,0,0,0,0,0,0,0,0,0,0,0,0,0,0,0,0,5,0,4.761904716491699,0,0,24564,23311,282722,50,97,115644.84271240234,69507.8256225586,0,134868701184,8589930496,4981043200,7077888
200,1760601549757,2662,800,3146,800,3837,800,5896,800,3653,4400,1645,800,5086,800,1153,2470,2428,2859,800,800,3529,1901,800,800,800,1804,3852,800,2030,800,1779,800,0,0,0,0,100,0,100,0,0,0,0,0,0,0,0,0,0,0,0,0,0,0,0,0,0,0,0,0,0,0,0,0,0,24564,23311,282751,50,96,115654.7925415039,69515.38275146484,0,134868701184,8589930496,4981043200,7077888
200,1760601549957,2662,800,3146,800,3837,800,5896,800,3653,4400,1645,800,5086,800,1153,2470,2428,2859,800,800,3529,1901,800,800,800,1804,3852,800,2030,800,1779,800,5,0,0,0,100,0,100,0,0,0,0,0,0,0,0,0,0,0,0,0,0,0,0,0,0,0,0,0,0,0,0,0,0,24564,23311,282769,50,97,115664.85217285156,69523.04266357422,0,134868701184,8589930496,4981043200,7077888
200,1760601550157,2662,800,3146,800,3837,800,5896,800,3653,4400,1645,800,5086,800,1153,2470,2428,2859,800,800,3529,1901,800,800,800,1804,3852,800,2030,800,1779,800,0,0,0,0,100,0,100,0,0,0,0,0,0,0,0,0,0,0,0,0,0,0,0,0,0,0,5,0,0,0,0,0,0,24564,23311,283016,50,97,115674.82305908203,69530.61877441406,0,134868701184,8589930496,4980219904,7077888
200,1760601550357,2662,800,3146,800,3837,800,5896,800,3653,4400,1645,800,5086,800,1153,2470,2428,2859,800,800,3529,1901,800,800,800,1804,3852,800,2030,800,1779,800,5,0,0,0,100,0,100,0,0,0,0,0,0,0,0,0,0,0,0,0,0,0,0,0,0,0,4.761904716491699,0,0,0,0,0,0,24564,23311,283454,50,97,115684.74871826172,69538.14971923828,0,134868701184,8589930496,4980449280,7077888
200,1760601550557,2662,800,3146,800,3837,800,5896,800,3653,4400,1645,800,5086,800,1153,2470,2428,2859,800,800,3529,1901,800,800,800,1804,3852,800,2030,800,1779,800,0,0,0,0,100,0,95.23809814453125,0,0,0,0,0,0,0,0,0,0,0,0,0,0,0,0,0,0,0,0,0,0,0,4.761904716491699,0,0,24564,23311,283193,50,97,115694.73327636719,69545.73034667969,0,134868701184,8589930496,4980449280,7077888
200,1760601550757,2662,800,3146,800,3837,800,5896,800,3653,4400,1645,800,5086,800,1153,2470,2428,2859,800,800,3529,1901,800,800,800,1804,3852,800,2030,800,1779,800,5,4.761904716491699,0,0,100,0,100,0,0,4.761904716491699,0,0,0,0,0,0,0,0,0,0,0,0,0,0,0,0,0,4.761904716491699,0,0,0,0,0,24564,23311,283489,50,96,115704.88739013672,69553.50183105469,0,134868701184,8589930496,4980449280,7077888
200,1760601550957,2662,800,3146,800,3837,800,5896,800,3653,4400,1645,800,5086,800,1153,2470,2428,2859,800,800,3529,1901,800,800,800,1804,3852,800,2030,800,1779,800,5,0,0,0,100,0,100,0,0,0,0,0,0,0,0,0,0,0,0,0,0,0,0,0,0,0,0,0,0,0,0,0,0,24564,23311,283498,50,97,115715.24304199219,69561.44854736328,0,134868701184,8589930496,4980449280,7077888
200,1760601551157,2662,800,3146,800,3837,800,5896,800,3653,4400,1645,800,5086,800,1153,2470,2428,2859,800,800,3529,1901,800,800,800,1804,3852,800,2030,800,1779,800,5,0,0,0,100,0,100,0,0,0,0,0,0,0,0,0,0,0,0,0,0,0,0,0,0,0,0,0,0,0,0,0,0,24564,23311,283594,50,97,115725.66046142578,69569.46008300781,0,134868701184,8589930496,4980449280,7077888
200,1760601551358,2662,800,3146,800,3837,800,5896,800,3653,4400,1645,800,5086,800,1153,2470,2428,2859,800,800,3529,1901,800,800,800,1804,3852,800,2030,800,1779,800,0,0,0,0,100,0,100,0,0,0,0,0,4.761904716491699,0,0,0,0,0,0,0,0,0,0,0,0,0,0,0,0,0,0,0,0,24564,23311,283554,51,97,115736.07470703125,69577.4740600586,0,134868701184,8589930496,4980445184,7077888
200,1760601551558,2662,800,3146,800,3837,800,5896,800,3653,4400,1645,800,5086,800,1153,2470,2428,2859,800,800,3529,1901,800,800,800,1804,3852,800,2030,800,1779,800,5,0,0,0,100,0,100,0,0,0,0,0,0,0,0,0,0,0,0,0,0,0,0,0,0,0,0,0,0,0,0,0,0,24564,23311,283648,51,97,115746.45275878906,69585.44799804688,0,134868701184,8589930496,4980445184,7077888
200,1760601551758,2662,800,3146,800,3837,800,5896,800,3653,4400,1645,800,5086,800,1153,2470,2428,2859,800,800,3529,1901,800,800,800,1804,3852,800,2030,800,1779,800,0,4.761904716491699,0,0,100,0,100,0,0,0,0,0,0,0,0,0,0,0,0,0,0,0,0,0,0,0,4.761904716491699,0,0,0,0,0,0,24564,23311,283968,51,97,115756.39532470703,69593.00085449219,0,134868701184,8589930496,4980445184,7077888
199,1760601551958,2662,800,3146,800,3837,800,5896,800,3653,4400,1645,800,5086,800,1153,2470,2428,2859,800,800,3529,1901,800,800,800,1804,3852,800,2030,800,1779,800,5,0,0,0,100,0,100,0,0,0,0,0,0,0,0,0,0,0,0,0,0,0,0,0,0,0,0,0,4.761904716491699,0,0,0,0,24564,23311,283767,51,96,115766.46014404297,69600.6655883789,0,134868701184,8589930496,4978380800,7077888
200,1760601552158,2662,800,3146,800,3837,800,5896,800,3653,4400,1645,800,5086,800,1153,2470,2428,2859,800,800,3529,1901,800,800,800,1804,3852,800,2030,800,1779,800,4.761904716491699,0,0,0,100,0,100,0,0,0,0,0,0,0,0,0,0,0,0,0,0,0,0,0,0,0,0,0,0,0,5,0,0,24564,23311,283574,50,97,115776.69787597656,69608.50671386719,0,134868701184,8589930496,4978065408,7077888
199,1760601552358,2662,800,3146,800,3837,800,5896,800,3653,4400,1645,800,5086,800,1153,2470,2428,2859,800,800,3529,1901,800,800,800,1804,3852,800,2030,800,1779,800,5,0,4.761904716491699,0,100,0,100,0,0,0,0,0,0,0,0,0,0,0,0,0,0,0,0,0,0,0,0,0,0,0,0,0,0,24564,23311,283395,50,97,115786.8745727539,69616.27526855469,0,134868701184,8589930496,4978065408,7077888
200,1760601552558,2662,800,3146,800,3837,800,5896,800,3653,4400,1645,800,5086,800,1153,2470,2428,2859,800,800,3529,1901,800,800,800,1804,3852,800,2030,800,1779,800,5,0,0,0,100,0,100,0,0,0,0,0,0,0,0,0,0,0,0,0,0,0,0,0,0,0,0,0,0,0,0,0,0,24564,23311,283272,51,97,115797.3150024414,69624.31384277344,0,134868701184,8589930496,4978065408,7077888
200,1760601552758,2662,800,3146,800,3837,800,5896,800,3653,4400,1645,800,5086,800,1153,2470,2428,2859,800,800,3529,1901,800,800,800,1804,3852,800,2030,800,1779,800,0,0,0,0,100,0,100,0,0,0,0,0,0,0,0,0,0,0,0,0,0,0,0,0,0,0,0,0,0,0,0,0,0,24564,23311,282976,51,97,115807.94641113281,69632.51806640625,0,134868701184,8589930496,4978065408,7077888
200,1760601552958,2662,800,3146,800,3837,800,5896,800,3653,4400,1645,800,5086,800,1153,2470,2428,2859,800,800,3529,1901,800,800,800,1804,3852,800,2030,800,1779,800,0,0,0,0,100,0,100,0,0,0,0,0,0,0,0,0,0,0,0,0,0,0,0,0,0,0,0,0,0,0,0,0,0,24564,23311,282967,51,96,115818.6362915039,69640.787109375,0,134868701184,8589930496,4978065408,7077888
200,1760601553158,2662,800,3146,800,3837,800,5896,800,3653,4400,1645,800,5086,800,1153,2470,2428,2859,800,800,3529,1901,800,800,800,1804,3852,800,2030,800,1779,800,5,0,0,0,100,0,100,0,0,0,0,0,0,0,0,0,0,0,0,0,0,0,0,0,0,0,4.761904716491699,0,0,0,0,0,0,24564,23311,282957,51,97,115829.42791748047,69649.14978027344,0,134868701184,8589930496,4968001536,7077888
200,1760601553358,2662,800,3146,800,3837,800,5896,800,3653,4400,1645,800,5086,800,1153,2470,2428,2859,800,800,3529,1901,800,800,800,1804,3852,800,2030,800,1779,800,0,0,0,0,100,0,100,0,0,0,0,0,0,0,0,0,0,0,0,0,0,0,0,0,0,0,0,0,0,0,0,0,0,24564,23311,283163,51,97,115840.0375366211,69657.32739257813,0,134868701184,8589930496,4976001024,7077888
200,1760601553558,2662,800,3146,800,3837,800,5896,800,3653,4400,1645,800,5086,800,1153,2470,2428,2859,800,800,3529,1901,800,800,800,1804,3852,800,2030,800,1779,800,5,0,5,0,100,0,100,0,0,0,0,0,0,0,0,0,0,0,0,0,0,0,0,0,0,0,4.761904716491699,0,0,0,0,0,0,24564,23311,283286,51,97,115850.63848876953,69665.4965209961,0,134868701184,8589930496,4976001024,7077888
200,1760601553758,2662,800,3146,800,3837,800,5896,800,3653,4400,1645,800,5086,800,1153,2470,2428,2859,800,800,3529,1901,800,800,800,1804,3852,800,2030,800,1779,800,0,0,0,0,100,0,100,0,0,0,0,0,0,0,0,0,0,0,0,0,0,0,0,0,0,0,0,0,5,0,0,0,0,24564,23311,283420,51,97,115861.25891113281,69673.69512939453,0,134868701184,8589930496,4975996928,7077888
200,1760601553958,2662,800,3146,800,3837,800,5896,800,3653,4400,1645,800,5086,800,1153,2470,2428,2859,800,800,3529,1901,800,800,800,1804,3852,800,2030,800,1779,800,0,0,0,0,100,0,100,0,0,0,0,0,0,0,0,0,0,0,0,0,0,0,0,0,0,0,0,0,0,0,5,0,0,24564,23311,283788,51,97,115871.80419921875,69681.81414794922,0,134868701184,8589930496,4975996928,7077888
200,1760601554158,2662,800,3146,800,3837,800,5896,800,3653,4400,1645,800,5086,800,1153,2470,2428,2859,800,800,3529,1901,800,800,800,1804,3852,800,2030,800,1779,800,4.761904716491699,4.761904716491699,0,0,100,0,100,0,0,0,0,0,0,0,0,0,0,0,0,0,0,0,0,0,0,0,0,0,0,0,0,0,0,24564,23311,283924,51,97,115881.9585571289,69689.54296875,0,134868701184,8589930496,4974346240,7077888
200,1760601554358,2662,800,3146,800,3837,800,5896,800,3653,4400,1645,800,5086,800,1153,2470,2428,2859,800,800,3529,1901,800,800,800,1804,3852,800,2030,800,1779,800,5,0,0,0,100,0,100,0,0,0,0,0,0,0,0,0,0,0,0,0,0,0,0,0,0,0,0,0,0,0,0,0,0,24564,23311,284042,51,97,115892.33465576172,69697.49377441406,0,134868701184,8589930496,4974346240,7077888
199,1760601554558,2662,800,3146,800,3837,800,5896,800,3653,4400,1645,800,5086,800,1153,2470,2428,2859,800,800,3529,1901,800,800,800,1804,3852,800,2030,800,1779,800,5,0,0,0,100,0,100,0,4.761904716491699,0,0,0,0,0,0,0,0,0,0,0,0,0,0,0,0,0,0,0,0,0,0,0,0,24564,23311,283881,51,97,115902.869140625,69705.60961914063,0,134868701184,8589930496,4974346240,7077888
199,1760601554758,2662,800,3146,800,3837,800,5896,800,3653,4400,1645,800,5086,800,1153,2470,2428,2859,800,800,3529,1901,800,800,800,1804,3852,800,2030,800,1779,800,0,0,0,0,100,0,100,0,0,0,0,0,0,0,0,0,0,0,0,0,0,0,0,0,0,0,0,0,0,0,0,0,0,24564,23311,283978,51,96,115913.41729736328,69713.73107910156,0,134868701184,8589930496,4974346240,7077888
199,1760601554959,2662,800,3146,800,3837,800,5896,800,3653,4400,1645,800,5086,800,1153,2470,2428,2859,800,800,3529,1901,800,800,800,1804,3852,800,2030,800,1779,800,5,0,0,0,100,0,85,0,10,0,0,0,5,0,0,0,0,0,0,0,0,0,0,0,0,0,0,0,0,0,0,0,0,24564,23311,283795,51,97,115923.57055664063,69721.43566894531,0,134868701184,8589930496,4974346240,7077888
199,1760601555159,2662,800,3146,800,3837,800,5896,800,3653,4400,1645,800,5086,800,1153,2470,2428,2859,800,800,3529,1901,800,800,800,1804,3852,800,2030,800,1779,800,5,0,0,0,100,0,100,0,0,0,0,0,0,0,0,0,0,0,0,0,0,0,0,0,0,0,4.761904716491699,0,0,0,4.761904716491699,0,0,24564,23311,283676,51,96,115934.12585449219,69729.56317138672,0,134868701184,8589930496,4972908544,7077888
199,1760601555359,2662,800,3146,800,3837,800,5896,800,3653,4400,1645,800,5086,800,1153,2470,2428,2859,800,800,3529,1901,800,800,800,1804,3852,800,2030,800,1779,800,0,4.761904716491699,0,0,100,0,100,0,0,0,0,0,0,0,0,0,0,0,0,0,0,0,0,0,0,0,4.761904716491699,0,0,0,4.761904716491699,0,0,24564,23311,283433,51,96,115944.7007446289,69737.7134399414,0,134868701184,8589930496,4972908544,7077888
199,1760601555559,2662,800,3146,800,3837,800,5896,800,3653,4400,1645,800,5086,800,1153,2470,2428,2859,800,800,3529,1901,800,800,800,1804,3852,800,2030,800,1779,800,4.761904716491699,4.761904716491699,0,0,100,0,100,0,0,0,0,0,0,0,0,0,0,0,0,0,0,0,0,0,0,0,0,4.761904716491699,0,0,0,0,0,24564,23311,283310,51,97,115955.27020263672,69745.8442993164,0,134868701184,8589930496,4972908544,7077888
199,1760601555759,2662,800,3146,800,3837,800,5896,800,3653,4400,1645,800,5086,800,1153,2470,2428,2859,800,800,3529,1901,800,800,800,1804,3852,800,2030,800,1779,800,0,0,0,0,100,0,100,0,0,0,0,0,0,0,0,0,0,0,0,0,0,0,0,0,0,0,0,0,0,0,0,0,0,24564,23311,283482,51,97,115965.810546875,69753.95520019531,0,134868701184,8589930496,4972908544,7077888
199,1760601555959,2662,800,3146,800,3837,800,5896,800,3653,4400,1645,800,5086,800,1153,2470,2428,2859,800,800,3529,1901,800,800,800,1804,3852,800,2030,800,1779,800,0,0,0,0,100,0,100,0,0,0,0,0,0,0,0,0,0,0,0,0,0,0,0,0,0,0,0,0,0,0,0,0,0,24564,23311,283611,51,97,115976.41345214844,69762.12951660156,0,134868701184,8589930496,4972908544,7077888
199,1760601556159,2662,800,3146,800,3837,800,5896,800,3653,4400,1645,800,5086,800,1153,2470,2428,2859,800,800,3529,1901,800,800,800,1804,3852,800,2030,800,1779,800,4.761904716491699,0,5,0,100,0,100,0,0,0,0,0,0,0,0,0,0,0,0,0,0,0,0,0,0,0,0,0,4.761904716491699,0,0,0,0,24564,23311,284091,51,97,115986.99047851563,69770.27081298828,0,134868701184,8589930496,4971642880,7077888
200,1760601556359,2662,800,3146,800,3837,800,5896,800,3653,4400,1645,800,5086,800,1153,2470,2428,2859,800,800,3529,1901,800,800,800,1804,3852,800,2030,800,1779,800,5,0,0,0,100,0,100,0,0,0,0,0,0,0,0,0,0,0,0,0,0,0,0,0,0,0,0,0,0,0,0,0,0,24564,23311,284199,51,96,115997.52990722656,69778.38079833984,0,134868701184,8589930496,4971642880,7077888
200,1760601556559,2662,800,3146,800,3837,800,5896,800,3653,4400,1645,800,5086,800,1153,2470,2428,2859,800,800,3529,1901,800,800,800,1804,3852,800,2030,800,1779,800,0,0,4.761904716491699,0,100,0,100,0,0,0,0,0,0,0,0,0,0,0,0,0,0,0,0,0,0,0,0,0,0,0,0,0,0,24564,23311,284372,51,97,116008.05963134766,69786.48413085938,0,134868701184,8589930496,4971642880,7077888
200,1760601556759,2662,800,3146,800,3837,800,5896,800,3653,4400,1645,800,5086,800,1153,2470,2428,2859,800,800,3529,1901,800,800,800,1804,3852,800,2030,800,1779,800,0,0,0,0,100,0,100,0,0,0,0,0,0,0,0,0,0,0,0,0,0,0,0,0,0,0,0,0,5,0,0,0,0,24564,23311,284482,51,97,116018.74395751953,69794.73425292969,0,134868701184,8589930496,4971642880,7077888
199,1760601556959,2662,800,3146,800,3837,800,5896,800,3653,4400,1645,800,5086,800,1153,2470,2428,2859,800,800,3529,1901,800,800,800,1804,3852,800,2030,800,1779,800,5,0,0,0,90.47618865966797,0,95.23809814453125,0,0,0,0,0,4.761904716491699,0,0,0,0,0,0,0,0,0,0,0,0,0,4.761904716491699,0,0,0,0,0,0,24564,23311,284463,51,97,116029.69396972656,69803.25439453125,0,134868701184,8589930496,4968820736,7077888
200,1760601557159,2662,800,3146,800,3837,800,5896,800,3653,4400,1645,800,5086,800,1153,2470,2428,2859,800,800,3529,1901,800,800,800,1804,3852,800,2030,800,1779,800,30.000001907348633,75,0,0,0,0,100,0,0,0,0,0,0,0,0,0,0,0,0,0,0,0,0,0,0,0,0,0,0,0,0,0,0,24564,23311,284235,51,96,116040.29290771484,69811.39953613281,0,134868701184,8589930496,4968288256,7077888
200,1760601557359,2662,800,3146,800,3837,800,5896,800,3653,4400,1645,800,5086,800,1153,2470,2428,2859,800,800,3529,1901,800,800,800,1804,3852,800,2030,800,1779,800,5,15.000000953674316,0,0,78.94737243652344,0,100,0,0,0,0,0,0,0,0,0,0,0,0,0,0,0,0,0,0,0,0,0,0,0,0,0,0,24564,23311,284247,51,97,116050.85998535156,69819.50219726563,0,134868701184,8589930496,4975742976,7077888
200,1760601557559,2662,800,3146,800,3837,800,5896,800,3653,4400,1645,800,5086,800,1153,2470,2428,2859,800,800,3529,1901,800,800,800,1804,3852,800,2030,800,1779,800,0,0,0,0,100,0,100,0,0,0,0,0,0,0,0,0,0,0,0,0,0,0,0,0,0,0,4.761904716491699,0,5,0,0,0,0,24564,23311,284229,51,97,116061.43731689453,69827.64739990234,0,134868701184,8589930496,4975742976,7077888
200,1760601557759,2662,800,3146,800,3837,800,5896,800,3653,4400,1645,800,5086,800,1153,2470,2428,2859,800,800,3529,1901,800,800,800,1804,3852,800,2030,800,1779,800,0,0,0,0,100,0,100,0,0,0,0,0,0,0,0,0,0,0,0,0,0,0,0,0,0,0,0,0,0,0,0,0,0,24564,23311,284139,51,97,116071.56353759766,69835.3558959961,0,134868701184,8589930496,4975742976,7077888
200,1760601557959,2662,800,3146,800,3837,800,5896,800,3653,4400,1645,800,5086,800,1153,2470,2428,2859,800,800,3529,1901,800,800,800,1804,3852,800,2030,800,1779,800,0,0,0,0,100,0,100,0,0,0,0,0,0,0,0,0,0,0,0,0,0,0,0,0,0,0,0,0,0,0,0,0,0,24564,23311,283822,51,97,116081.72723388672,69843.0913696289,0,134868701184,8589930496,4975742976,7077888
200,1760601558159,2662,800,3146,800,3837,800,5896,800,3653,4400,1645,800,5086,800,1153,2470,2428,2859,800,800,3529,1901,800,800,800,1804,3852,800,2030,800,1779,800,0,0,0,0,100,0,100,0,0,0,0,0,4.761904716491699,0,0,0,0,0,0,0,0,0,0,0,0,0,0,0,5,0,0,0,0,24564,23311,283810,51,96,116091.72827148438,69850.67248535156,0,134868701184,8589930496,4974493696,7077888
200,1760601558360,2662,800,3146,800,3837,800,5896,800,3653,4400,1645,800,5086,800,1153,2470,2428,2859,800,800,3529,1901,800,800,800,1804,3852,800,2030,800,1779,800,0,0,0,0,100,0,100,0,0,0,4.761904716491699,0,0,0,0,0,0,0,0,0,0,0,0,0,0,0,0,0,0,0,0,0,0,24564,23311,283728,51,97,116101.65936279297,69858.19329833984,0,134868701184,8589930496,4975521792,7077888
200,1760601558560,2662,800,3146,800,3837,800,5896,800,3653,4400,1645,800,5086,800,1153,2470,2428,2859,800,800,3529,1901,800,800,800,1804,3852,800,2030,800,1779,800,4.761904716491699,0,0,0,100,0,100,0,0,0,0,0,0,0,0,0,0,0,0,0,0,0,0,0,0,0,0,0,5,0,0,0,0,24564,23311,283802,51,97,116111.71856689453,69865.83721923828,0,134868701184,8589930496,4975521792,7077888
200,1760601558760,2662,800,3146,800,3837,800,5896,800,3653,4400,1645,800,5086,800,1153,2470,2428,2859,800,800,3529,1901,800,800,800,1804,3852,800,2030,800,1779,800,0,0,0,0,100,0,100,0,0,0,0,0,0,0,0,0,0,0,0,0,0,0,0,0,0,0,0,0,4.761904716491699,0,0,0,0,24564,23311,283515,51,96,116121.88262939453,69873.56854248047,0,134868701184,8589930496,4975521792,7077888
200,1760601558960,2662,800,3146,800,3837,800,5896,800,3653,4400,1645,800,5086,800,1153,2470,2428,2859,800,800,3529,1901,800,800,800,1804,3852,800,2030,800,1779,800,0,0,4.761904716491699,0,100,0,100,0,4.761904716491699,0,0,0,0,0,0,0,0,0,0,0,0,0,0,0,0,0,0,0,0,0,0,0,0,24564,23311,283551,51,97,116131.87866210938,69881.15557861328,0,134868701184,8589930496,4973973504,7077888
200,1760601559160,2662,800,3146,800,3837,800,5896,800,3653,4400,1645,800,5086,800,1153,2470,2428,2859,800,800,3529,1901,800,800,800,1804,3852,800,2030,800,1779,800,0,0,0,0,100,0,100,0,0,0,0,0,0,0,0,0,0,0,0,0,0,0,0,0,0,0,0,0,0,0,0,0,0,24564,23311,283747,51,97,116141.88537597656,69888.74768066406,0,134868701184,8589930496,4977975296,7077888
200,1760601559360,2662,800,3146,800,3837,800,5896,800,3653,4400,1645,800,5086,800,1153,2470,2428,2859,800,800,3529,1901,800,800,800,1804,3852,800,2030,800,1779,800,0,0,0,0,100,0,100,0,0,0,0,0,0,0,0,0,0,0,0,0,0,0,0,0,0,0,0,0,4.761904716491699,0,0,0,0,24564,23311,283904,51,97,116151.83563232422,69896.28704833984,0,134868701184,8589930496,4977975296,7077888
200,1760601559560,2662,800,3146,800,3837,800,5896,800,3653,4400,1645,800,5086,800,1153,2470,2428,2859,800,800,3529,1901,800,800,800,1804,3852,800,2030,800,1779,800,0,0,0,0,100,0,100,0,0,0,0,0,0,0,0,0,0,0,0,0,0,0,0,0,0,0,0,0,0,0,5,0,0,24564,23311,283989,51,97,116161.76696777344,69903.8041381836,0,134868701184,8589930496,4985974784,7077888
200,1760601559760,2662,800,3146,800,3837,800,5896,800,3653,4400,1645,800,5086,800,1153,2470,2428,2859,800,800,3529,1901,800,800,800,1804,3852,800,2030,800,1779,800,0,0,0,0,100,0,100,0,0,0,0,0,0,0,0,0,0,0,0,0,0,0,0,0,0,0,0,0,0,0,0,0,0,24564,23311,284219,51,97,116171.7494506836,69911.37780761719,0,134868701184,8589930496,4985974784,7077888
200,1760601559960,2662,800,3146,800,3837,800,5896,800,3653,4400,1645,800,5086,800,1153,2470,2428,2859,800,800,3529,1901,800,800,800,1804,3852,800,2030,800,1779,800,0,0,0,0,100,0,100,0,0,0,0,0,0,0,0,0,0,0,0,0,0,0,4.761904716491699,0,4.761904716491699,4.761904716491699,0,0,4.761904716491699,0,5,0,0,24564,23311,284281,51,97,116181.76025390625,69918.97705078125,0,134868701184,8589930496,4985974784,7077888
200,1760601560161,2662,800,3146,800,3837,800,5896,800,3653,4400,1645,800,5086,800,1153,2470,2428,2859,800,800,3529,1901,800,800,800,1804,3852,800,2030,800,1779,800,0,0,0,0,100,0,100,0,0,0,0,0,0,0,0,0,0,0,0,0,0,0,0,0,0,0,0,0,0,0,0,0,0,24564,23311,284054,51,97,116191.78033447266,69926.57958984375,0,134868701184,8589930496,4985974784,7077888
200,1760601560361,2662,800,3146,800,3837,800,5896,800,3653,4400,1645,800,5086,800,1153,2470,2428,2859,800,800,3529,1901,800,800,800,1804,3852,800,2030,800,1779,800,0,0,0,0,100,0,100,0,0,0,0,0,0,0,0,0,0,0,0,0,0,0,0,0,0,0,0,0,0,0,0,0,0,24564,23311,284066,51,96,116201.82611083984,69934.20825195313,0,134868701184,8589930496,4985974784,7077888
200,1760601560561,2662,800,3146,800,3837,800,5896,800,3653,4400,1645,800,5086,800,1153,2470,2428,2859,800,800,3529,1901,800,800,800,1804,3852,800,2030,800,1779,800,5,0,0,0,100,0,100,0,0,5,0,0,0,0,0,0,0,0,0,0,0,0,0,0,0,0,0,0,0,0,9.090909004211426,0,0,24564,23311,283924,51,97,116211.8247680664,69941.79791259766,0,134868701184,8589930496,4985974784,7077888
200,1760601560761,2662,800,3146,800,3837,800,5896,800,3653,4400,1645,800,5086,800,1153,2470,2428,2859,800,800,3529,1901,800,800,800,1804,3852,800,2030,800,1779,800,0,0,0,0,100,0,100,0,0,0,0,0,4.761904716491699,0,0,0,0,0,0,0,0,0,0,0,0,0,0,0,0,0,0,0,0,24564,23311,283802,51,97,116221.78985595703,69949.35430908203,0,134868701184,8589930496,4985970688,7077888
200,1760601560961,2662,800,3146,800,3837,800,5896,800,3653,4400,1645,800,5086,800,1153,2470,2428,2859,800,800,3529,1901,800,800,800,1804,3852,800,2030,800,1779,800,0,0,0,0,100,0,100,0,0,0,0,0,0,0,0,0,0,0,0,0,0,0,0,0,0,0,0,0,0,0,0,0,0,24564,23311,283855,51,97,116231.87133789063,69957.00903320313,0,134868701184,8589930496,4985970688,7077888
200,1760601561161,2662,800,3146,800,3837,800,5896,800,3653,4400,1645,800,5086,800,1153,2470,2428,2859,800,800,3529,1901,800,800,800,1804,3852,800,2030,800,1779,800,0,0,4.761904716491699,0,100,0,100,0,0,0,0,0,0,0,0,0,0,0,0,0,0,0,0,0,0,0,0,0,0,0,4.761904716491699,0,0,24564,23311,283842,51,97,116241.96923828125,69964.68640136719,0,134868701184,8589930496,4983087104,7077888
200,1760601561361,2662,800,3146,800,3837,800,5896,800,3653,4400,1645,800,5086,800,1153,2470,2428,2859,800,800,3529,1901,800,800,800,1804,3852,800,2030,800,1779,800,0,0,0,0,100,0,100,0,0,0,0,0,0,0,0,0,0,0,0,0,0,0,0,0,0,0,0,0,0,0,0,0,0,24564,23311,284084,51,97,116252.03381347656,69972.33288574219,0,134868701184,8589930496,4987445248,7077888
200,1760601561561,2662,800,3146,800,3837,800,5896,800,3653,4400,1645,800,5086,800,1153,2470,2428,2859,800,800,3529,1901,800,800,800,1804,3852,800,2030,800,1779,800,0,0,0,0,100,0,100,0,0,4.761904716491699,0,0,0,0,0,0,0,0,0,0,0,0,0,0,0,0,0,0,0,0,0,0,0,24564,23311,283903,51,96,116262.1079711914,69979.9916381836,0,134868701184,8589930496,4987445248,7077888
200,1760601561761,2662,800,3146,800,3837,800,5896,800,3653,4400,1645,800,5086,800,1153,2470,2428,2859,800,800,3529,1901,800,800,800,1804,3852,800,2030,800,1779,800,4.761904716491699,0,4.761904716491699,0,100,0,100,0,0,0,0,0,4.761904716491699,0,0,0,0,0,0,0,0,0,0,0,0,0,0,4.761904716491699,0,0,5,0,0,24564,23311,284093,51,97,116272.13610839844,69987.60174560547,0,134868701184,8589930496,4987445248,7077888
200,1760601561962,2662,800,3146,800,3837,800,5896,800,3653,4400,1645,800,5086,800,1153,2470,2428,2859,800,800,3529,1901,800,800,800,1804,3852,800,2030,800,1779,800,0,0,0,0,100,0,100,0,0,0,0,0,0,0,0,0,0,0,0,0,0,0,0,0,0,0,0,0,0,0,0,0,0,24564,23311,284235,51,97,116282.23895263672,69995.27801513672,0,134868701184,8589930496,4985352192,7077888
200,1760601562162,2662,800,3146,800,3837,800,5896,800,3653,4400,1645,800,5086,800,1153,2470,2428,2859,800,800,3529,1901,800,800,800,1804,3852,800,2030,800,1779,800,0,0,0,0,100,0,100,0,4.761904716491699,0,0,0,0,0,0,0,0,0,0,0,0,0,0,0,0,0,0,0,0,0,5,0,0,24564,23311,284169,51,97,116292.2827758789,70002.90509033203,0,134868701184,8589930496,4985229312,7077888
200,1760601562362,2662,800,3146,800,3837,800,5896,800,3653,4400,1645,800,5086,800,1153,2470,2428,2859,800,800,3529,1901,800,800,800,1804,3852,800,2030,800,1779,800,4.761904716491699,0,0,0,100,0,100,0,0,0,0,0,0,0,0,0,0,0,0,0,0,0,0,0,0,0,0,0,4.761904716491699,0,0,0,0,24564,23311,284063,51,97,116302.39331054688,70010.59265136719,0,134868701184,8589930496,4985229312,7077888
200,1760601562562,2662,800,3146,800,3837,800,5896,800,3653,4400,1645,800,5086,800,1153,2470,2428,2859,800,800,3529,1901,800,800,800,1804,3852,800,2030,800,1779,800,0,0,0,0,100,0,85,0,0,0,0,0,15.000000953674316,0,0,0,0,0,0,0,0,0,0,0,0,0,0,0,0,0,0,0,0,24564,23311,283880,51,97,116312.38623046875,70018.15655517578,0,134868701184,8589930496,4985229312,7077888
200,1760601562762,2662,800,3146,800,3837,800,5896,800,3653,4400,1645,800,5086,800,1153,2470,2428,2859,800,800,3529,1901,800,800,800,1804,3852,800,2030,800,1779,800,0,0,0,0,100,0,100,0,0,0,0,0,0,0,0,0,0,0,0,0,0,0,0,0,0,0,4.761904716491699,0,0,0,4.761904716491699,0,0,24564,23311,283751,51,96,116322.3598022461,70025.6997680664,0,134868701184,8589930496,4985229312,7077888
200,1760601562962,2662,800,3146,800,3837,800,5896,800,3653,4400,1645,800,5086,800,1153,2470,2428,2859,800,800,3529,1901,800,800,800,1804,3852,800,2030,800,1779,800,0,0,0,0,100,0,100,0,0,0,0,0,0,0,0,0,0,0,0,0,0,0,0,0,0,0,4.761904716491699,0,0,0,0,0,0,24564,23311,283600,51,97,116332.31884765625,70033.23370361328,0,134868701184,8589930496,4985225216,7077888
199,1760601563162,2662,800,3146,800,3837,800,5896,800,3653,4400,1645,800,5086,800,1153,2470,2428,2859,800,800,3529,1901,800,800,800,1804,3852,800,2030,800,1779,800,31.57894515991211,0,0,0,65,5,100,0,0,0,0,0,0,0,0,0,0,0,0,0,0,0,0,0,0,0,0,0,0,0,0,0,0,24564,23311,283412,51,97,116342.59143066406,70041.05712890625,0,134868701184,8589930496,5006729216,7077888
200,1760601563362,2662,800,3146,800,3837,800,5896,800,3653,4400,1645,800,5086,800,1153,2470,2428,2859,800,800,3529,1901,800,800,800,1804,3852,800,2030,800,1779,800,0,0,4.761904716491699,0,100,0,100,0,0,0,0,0,0,0,0,0,0,0,0,0,0,0,0,0,0,0,0,0,0,0,0,0,0,24564,23311,283458,51,97,116353.23413085938,70049.24188232422,0,134868701184,8589930496,5014716416,7077888
200,1760601563562,2662,800,3146,800,3837,800,5896,800,3653,4400,1645,800,5086,800,1153,2470,2428,2859,800,800,3529,1901,800,800,800,1804,3852,800,2030,800,1779,800,4.761904716491699,0,0,0,100,0,100,0,0,0,0,0,0,0,0,0,0,0,0,0,0,0,0,0,0,0,0,0,0,0,0,0,0,24564,23311,283526,51,97,116363.8198852539,70057.3857421875,0,134868701184,8589930496,5015490560,7077888
200,1760601563762,2662,800,3146,800,3837,800,5896,800,3653,4400,1645,800,5086,800,1153,2470,2428,2859,800,800,3529,1901,800,800,800,1804,3852,800,2030,800,1779,800,5,0,0,0,100,0,100,0,0,4.761904716491699,0,0,0,0,0,0,0,0,0,0,0,0,0,0,0,0,0,0,0,0,0,0,0,24564,23311,284045,51,97,116374.47082519531,70065.58184814453,0,134868701184,8589930496,5015490560,7077888
200,1760601563962,2662,800,3146,800,3837,800,5896,800,3653,4400,1645,800,5086,800,1153,2470,2428,2859,800,800,3529,1901,800,800,800,1804,3852,800,2030,800,1779,800,0,4.761904716491699,0,0,100,0,100,0,0,0,0,0,0,0,0,0,0,0,0,0,0,0,0,0,0,0,0,0,0,0,4.761904716491699,0,0,24564,23311,283946,51,96,116385.05969238281,70073.72235107422,0,134868701184,8589930496,5015490560,7077888
200,1760601564162,2662,800,3146,800,3837,800,5896,800,3653,4400,1645,800,5086,800,1153,2470,2428,2859,800,800,3529,1901,800,800,800,1804,3852,800,2030,800,1779,800,4.761904716491699,0,0,0,100,0,100,0,0,0,0,0,0,0,0,0,0,0,0,0,0,0,0,0,0,0,0,0,0,0,0,0,0,24564,23311,283928,51,97,116395.61352539063,70081.82330322266,0,134868701184,8589930496,5012975616,7077888
200,1760601564363,2662,800,3146,800,3837,800,5896,800,3653,4400,1645,800,5086,800,1153,2470,2428,2859,800,800,3529,1901,800,800,800,1804,3852,800,2030,800,1779,800,0,0,0,0,100,0,100,0,0,0,0,0,4.761904716491699,0,0,0,0,0,0,0,0,0,0,0,0,0,0,0,0,0,0,0,0,24564,23311,284124,51,97,116406.17022705078,70089.93908691406,0,134868701184,8589930496,5012975616,7077888
200,1760601564563,2662,800,3146,800,3837,800,5896,800,3653,4400,1645,800,5086,800,1153,2470,2428,2859,800,800,3529,1901,800,800,800,1804,3852,800,2030,800,1779,800,0,0,0,0,100,0,100,0,0,0,0,0,0,0,0,0,0,0,0,0,0,0,0,0,0,0,0,0,0,0,4.761904716491699,0,0,24564,23311,284258,51,97,116416.7310180664,70098.06274414063,0,134868701184,8589930496,5012975616,7077888
200,1760601564763,2662,800,3146,800,3837,800,5896,800,3653,4400,1645,800,5086,800,1153,2470,2428,2859,800,800,3529,1901,800,800,800,1804,3852,800,2030,800,1779,800,4.761904716491699,0,0,0,100,0,100,0,0,0,0,0,0,0,0,0,0,0,0,0,0,0,0,0,0,0,0,0,0,0,0,0,0,24564,23311,284283,51,97,116427.29577636719,70106.1841430664,0,134868701184,8589930496,5012975616,7077888
199,1760601564963,2662,800,3146,800,3837,800,5896,800,3653,4400,1645,800,5086,800,1153,2470,2428,2859,800,800,3529,1901,800,800,800,1804,3852,800,2030,800,1779,800,0,4.761904716491699,0,0,100,0,100,0,0,0,0,0,0,0,0,0,0,0,0,0,0,0,0,0,0,0,0,0,0,0,0,0,0,24564,23311,284637,51,97,116437.923828125,70114.3505859375,0,134868701184,8589930496,5009747968,7077888
199,1760601565163,2662,800,3146,800,3837,800,5896,800,3653,4400,1645,800,5086,800,1153,2470,2428,2859,800,800,3529,1901,800,800,800,1804,3852,800,2030,800,1779,800,5,0,0,0,100,0,100,0,0,0,0,0,0,0,0,0,0,0,0,0,0,0,0,0,0,0,0,0,0,0,0,0,0,24564,23311,284838,51,97,116448.39306640625,70122.37408447266,0,134868701184,8589930496,5006409728,7077888
199,1760601565363,2662,800,3146,800,3837,800,5896,800,3653,4400,1645,800,5086,800,1153,2470,2428,2859,800,800,3529,1901,800,800,800,1804,3852,800,2030,800,1779,800,4.761904716491699,0,0,0,100,0,100,0,0,0,0,0,0,0,0,0,0,0,0,0,0,0,0,0,0,0,0,0,0,0,0,0,0,24564,23311,284554,51,96,116458.97869873047,70130.51251220703,0,134868701184,8589930496,5006405632,7077888
199,1760601565563,2662,800,3146,800,3837,800,5896,800,3653,4400,1645,800,5086,800,1153,2470,2428,2859,800,800,3529,1901,800,800,800,1804,3852,800,2030,800,1779,800,0,0,0,0,100,0,100,0,4.761904716491699,0,0,0,0,0,0,0,0,0,0,0,0,0,0,0,0,0,0,0,0,0,0,0,0,24564,23311,284448,51,97,116469.53253173828,70138.63208007813,0,134868701184,8589930496,5006405632,7077888
200,1760601565763,2662,800,3146,800,3837,800,5896,800,3653,4400,1645,800,5086,800,1153,2470,2428,2859,800,800,3529,1901,800,800,800,1804,3852,800,2030,800,1779,800,5,0,4.761904716491699,0,100,0,100,0,0,0,0,0,0,0,0,0,0,0,0,0,0,0,0,0,0,0,0,0,0,0,0,0,0,24564,23311,284210,51,97,116480.1128540039,70146.7592163086,0,134868701184,8589930496,5006405632,7077888
200,1760601565963,2662,800,3146,800,3837,800,5896,800,3653,4400,1645,800,5086,800,1153,2470,2428,2859,800,800,3529,1901,800,800,800,1804,3852,800,2030,800,1779,800,0,4.761904716491699,0,0,100,0,100,0,0,0,0,0,0,0,0,0,0,0,0,0,0,0,0,0,4.761904716491699,0,0,0,0,0,0,0,0,24564,23311,284183,51,97,116490.74578857422,70154.9457397461,0,134868701184,8589930496,5006405632,7077888
200,1760601566163,2662,800,3146,800,3837,800,5896,800,3653,4400,1645,800,5086,800,1153,2470,2428,2859,800,800,3529,1901,800,800,800,1804,3852,800,2030,800,1779,800,0,0,0,0,100,0,100,0,0,0,0,0,0,0,0,0,0,0,0,0,0,0,0,0,0,0,0,0,0,0,0,0,0,24564,23311,284097,51,97,116501.37628173828,70163.12548828125,0,134868701184,8589930496,5003485184,7077888
200,1760601566363,2662,800,3146,800,3837,800,5896,800,3653,4400,1645,800,5086,800,1153,2470,2428,2859,800,800,3529,1901,800,800,800,1804,3852,800,2030,800,1779,800,0,0,0,0,100,0,100,0,0,0,0,0,0,0,0,0,0,0,0,0,0,0,0,0,0,0,0,0,0,0,0,0,0,24564,23311,284342,51,97,116511.97161865234,70171.27355957031,0,134868701184,8589930496,5003485184,7077888
200,1760601566563,2662,800,3146,800,3837,800,5896,800,3653,4400,1645,800,5086,800,1153,2470,2428,2859,800,800,3529,1901,800,800,800,1804,3852,800,2030,800,1779,800,5,0,0,0,100,0,100,0,0,0,0,0,0,0,0,0,0,0,0,0,0,0,0,0,0,0,0,0,0,0,5,0,0,24564,23311,284359,51,97,116522.15924072266,70179.0160522461,0,134868701184,8589930496,5003485184,7077888
200,1760601566763,2662,800,3146,800,3837,800,5896,800,3653,4400,1645,800,5086,800,1153,2470,2428,2859,800,800,3529,1901,800,800,800,1804,3852,800,2030,800,1779,800,4.761904716491699,0,0,0,100,0,100,0,0,0,0,0,0,0,0,0,0,0,0,0,0,0,0,0,0,0,0,0,4.761904716491699,0,0,0,0,24564,23311,284437,51,97,116532.1812133789,70186.59448242188,0,134868701184,8589930496,5000515584,7077888
200,1760601566963,2662,800,3146,800,3837,800,5896,800,3653,4400,1645,800,5086,800,1153,2470,2428,2859,800,800,3529,1901,800,800,800,1804,3852,800,2030,800,1779,800,0,0,0,0,100,0,100,0,0,0,0,0,0,0,0,0,0,0,0,0,0,0,0,0,0,0,0,0,0,0,0,0,0,24564,23311,284429,51,97,116542.19854736328,70194.17639160156,0,134868701184,8589930496,4999442432,7077888
200,1760601567163,2662,800,3146,800,3837,800,5896,800,3653,4400,1645,800,5086,800,1153,2470,2428,2859,800,800,3529,1901,800,800,800,1804,3852,800,2030,800,1779,800,0,0,5,0,100,0,100,4.761904716491699,0,0,0,0,0,0,0,0,0,0,0,0,0,0,0,0,0,4.761904716491699,0,4.761904716491699,0,0,4.761904716491699,0,0,24564,23311,284139,51,97,116552.71771240234,70202.25463867188,0,134868701184,8589930496,4988166144,7077888
200,1760601567363,2662,800,3146,800,3837,800,5896,800,3653,4400,1645,800,5086,800,1153,2470,2428,2859,800,800,3529,1901,800,800,800,1804,3852,800,2030,800,1779,800,4.761904716491699,4.761904716491699,0,0,100,0,100,0,0,0,0,0,0,0,0,0,0,0,0,0,0,0,0,0,0,0,0,0,0,0,0,0,0,24564,23311,284093,51,96,116563.27166748047,70210.35925292969,0,134868701184,8589930496,5004423168,7077888
200,1760601567563,2662,800,3146,800,3837,800,5896,800,3653,4400,1645,800,5086,800,1153,2470,2428,2859,800,800,3529,1901,800,800,800,1804,3852,800,2030,800,1779,800,0,0,0,0,100,0,100,0,0,0,0,0,0,0,0,0,0,0,0,0,0,0,0,0,0,0,0,0,0,0,0,0,0,24564,23311,284011,51,97,116573.80114746094,70218.44732666016,0,134868701184,8589930496,5004419072,7077888
200,1760601567763,2662,800,3146,800,3837,800,5896,800,3653,4400,1645,800,5086,800,1153,2470,2428,2859,800,800,3529,1901,800,800,800,1804,3852,800,2030,800,1779,800,5,0,0,0,100,0,100,0,0,0,0,0,0,0,0,0,0,0,0,0,0,0,0,0,0,0,0,0,0,0,0,0,0,24564,23311,284097,51,97,116584.52838134766,70226.73516845703,0,134868701184,8589930496,5004419072,7077888
200,1760601567963,2662,800,3146,800,3837,800,5896,800,3653,4400,1645,800,5086,800,1153,2470,2428,2859,800,800,3529,1901,800,800,800,1804,3852,800,2030,800,1779,800,4.761904716491699,0,0,0,100,0,100,0,0,0,0,0,0,0,0,0,0,0,0,0,0,0,0,0,0,0,0,0,0,0,0,0,0,24564,23311,284129,51,97,116595.42529296875,70235.17858886719,0,134868701184,8589930496,5003063296,7077888
200,1760601568164,2662,800,3146,800,3837,800,5896,800,3653,4400,1645,800,5086,800,1153,2470,2428,2859,800,800,3529,1901,800,800,800,1804,3852,800,2030,800,1779,800,5,4.761904716491699,0,0,100,0,100,0,0,0,0,0,0,0,0,0,0,0,0,0,0,0,0,0,0,0,0,0,0,0,0,0,0,24564,23311,284139,51,97,116606.27563476563,70243.58020019531,0,134868701184,8589930496,5002125312,7077888
200,1760601568364,2662,800,3146,800,3837,800,5896,800,3653,4400,1645,800,5086,800,1153,2470,2428,2859,800,800,3529,1901,800,800,800,1804,3852,800,2030,800,1779,800,0,5,0,0,100,0,100,0,0,0,0,0,0,0,0,0,0,0,0,0,0,0,0,0,0,0,4.761904716491699,0,0,0,0,0,0,24564,23311,284373,51,97,116616.93328857422,70251.79779052734,0,134868701184,8589930496,4999524352,7077888
200,1760601568564,2662,800,3146,800,3837,800,5896,800,3653,4400,1645,800,5086,800,1153,2470,2428,2859,800,800,3529,1901,800,800,800,1804,3852,800,2030,800,1779,800,0,0,0,0,100,0,100,0,0,0,0,0,0,0,0,0,0,0,0,0,0,0,0,0,0,0,4.761904716491699,0,5,0,0,0,0,24564,23311,284048,51,96,116627.20330810547,70259.6371459961,0,134868701184,8589930496,4999524352,7077888
199,1760601568764,2662,800,3146,800,3837,800,5896,800,3653,4400,1645,800,5086,800,1153,2470,2428,2859,800,800,3529,1901,800,800,800,1804,3852,800,2030,800,1779,800,4.761904716491699,0,0,0,100,0,100,0,0,0,0,0,0,0,0,0,0,0,0,0,0,0,0,0,0,0,0,0,4.761904716491699,0,0,0,0,24564,23311,283719,51,97,116637.42181396484,70267.41229248047,0,134868701184,8589930496,4999524352,7077888
199,1760601568964,2662,800,3146,800,3837,800,5896,800,3653,4400,1645,800,5086,800,1153,2470,2428,2859,800,800,3529,1901,800,800,800,1804,3852,800,2030,800,1779,800,0,4.761904716491699,0,0,100,0,100,0,0,0,0,0,0,0,0,0,0,0,0,0,0,0,0,0,0,0,0,0,0,0,0,0,0,24564,23311,283491,51,97,116648.05090332031,70275.60717773438,0,134868701184,8589930496,4999524352,7077888
200,1760601569164,2662,800,3146,800,3837,800,5896,800,3653,4400,1645,800,5086,800,1153,2470,2428,2859,800,800,3529,1901,800,800,800,1804,3852,800,2030,800,1779,800,30.000001907348633,19.047618865966797,0,0,100,0,55,0,0,0,0,0,0,0,0,0,0,0,0,0,0,0,0,0,0,0,0,0,0,0,0,0,0,24564,23311,283442,51,97,116658.56378173828,70283.68139648438,0,134868701184,8589930496,4998082560,7077888
200,1760601569364,2662,800,3146,800,3837,800,5896,800,3653,4400,1645,800,5086,800,1153,2470,2428,2859,800,800,3529,1901,800,800,800,1804,3852,800,2030,800,1779,800,5,0,0,0,100,0,95,0,0,0,0,0,0,0,0,0,0,0,0,0,0,0,0,0,0,0,0,0,0,0,4.761904716491699,0,0,24564,23311,283055,51,96,116668.63635253906,70291.31115722656,0,134868701184,8589930496,5010698240,7077888
200,1760601569564,2662,800,3146,800,3837,800,5896,800,3653,4400,1645,800,5086,800,1153,2470,2428,2859,800,800,3529,1901,800,800,800,1804,3852,800,2030,800,1779,800,0,0,0,0,100,0,100,0,0,0,0,0,0,0,0,0,0,0,0,0,0,0,0,0,0,0,0,0,0,0,0,0,0,24564,23311,283341,51,97,116679.22631835938,70299.44891357422,0,134868701184,8589930496,4995100672,7077888
200,1760601569764,2662,800,3146,800,3837,800,5896,800,3653,4400,1645,800,5086,800,1153,2470,2428,2859,800,800,3529,1901,800,800,800,1804,3852,800,2030,800,1779,800,0,0,0,0,100,0,85,0,5,0,0,0,0,0,0,0,0,0,0,0,0,0,0,0,0,0,0,0,0,0,5.263157844543457,0,0,24564,23311,283515,51,97,116689.48217773438,70307.25830078125,0,134868701184,8589930496,4995096576,7077888
200,1760601569964,2662,800,3146,800,3837,800,5896,800,3653,4400,1645,800,5086,800,1153,2470,2428,2859,800,800,3529,1901,800,800,800,1804,3852,800,2030,800,1779,800,5,0,0,0,100,0,100,0,0,0,4.761904716491699,0,4.761904716491699,0,0,0,0,0,0,0,0,0,0,0,0,0,0,0,0,0,0,0,0,24564,23311,283388,51,96,116699.5708618164,70314.91259765625,0,134868701184,8589930496,4995096576,7077888
200,1760601570164,2662,800,3146,800,3837,800,5896,800,3653,4400,1645,800,5086,800,1153,2470,2428,2859,800,800,3529,1901,800,800,800,1804,3852,800,2030,800,1779,800,0,0,0,0,100,0,85,0,5,0,0,0,0,0,0,0,0,0,0,0,0,0,0,0,0,0,0,0,0,0,10,0,0,24564,23311,283130,51,96,116709.45751953125,70322.37487792969,0,134868701184,8589930496,4985057280,7077888
200,1760601570364,2662,800,3146,800,3837,800,5896,800,3653,4400,1645,800,5086,800,1153,2470,2428,2859,800,800,3529,1901,800,800,800,1804,3852,800,2030,800,1779,800,4.761904716491699,0,5,0,100,0,100,0,0,5,0,0,0,0,0,0,0,0,0,0,0,0,0,0,0,0,0,0,0,0,5,0,0,24564,23311,283403,51,96,116719.44641113281,70329.93762207031,0,134868701184,8589930496,4988928000,7077888
200,1760601570564,2662,800,3146,800,3837,800,5896,800,3653,4400,1645,800,5086,800,1153,2470,2428,2859,800,800,3529,1901,800,800,800,1804,3852,800,2030,800,1779,800,0,0,0,0,100,0,100,0,0,0,0,0,0,0,0,0,0,0,0,0,0,0,0,0,0,0,0,0,4.761904716491699,0,0,0,0,24564,23311,283562,51,97,116729.5009765625,70337.57080078125,0,134868701184,8589930496,4988928000,7077888
200,1760601570764,2662,800,3146,800,3837,800,5896,800,3653,4400,1645,800,5086,800,1153,2470,2428,2859,800,800,3529,1901,800,800,800,1804,3852,800,2030,800,1779,800,9.523809432983398,0,0,0,100,0,100,0,0,0,0,0,0,0,0,0,0,0,0,0,0,0,0,0,0,0,4.761904716491699,0,0,0,0,0,0,24564,23311,283564,51,97,116739.99542236328,70345.62487792969,0,134868701184,8589930496,4986654720,7077888
200,1760601570964,2662,800,3146,800,3837,800,5896,800,3653,4400,1645,800,5086,800,1153,2470,2428,2859,800,800,3529,1901,800,800,800,1804,3852,800,2030,800,1779,800,0,0,0,0,100,0,100,0,0,0,0,0,0,0,0,0,0,0,0,0,0,0,0,0,0,0,0,0,0,0,0,0,0,24564,23311,283698,51,97,116750.5112915039,70353.70751953125,0,134868701184,8589930496,4986654720,7077888
200,1760601571164,2662,800,3146,800,3837,800,5896,800,3653,4400,1645,800,5086,800,1153,2470,2428,2859,800,800,3529,1901,800,800,800,1804,3852,800,2030,800,1779,800,0,4.761904716491699,0,0,100,0,100,0,0,0,0,0,0,0,0,0,0,0,0,0,0,0,0,0,0,0,0,0,0,0,0,0,0,24564,23311,284011,51,97,116761.40362548828,70362.15350341797,0,134868701184,8589930496,4985966592,7077888
200,1760601571364,2662,800,3146,800,3837,800,5896,800,3653,4400,1645,800,5086,800,1153,2470,2428,2859,800,800,3529,1901,800,800,800,1804,3852,800,2030,800,1779,800,5,0,0,0,100,0,100,0,4.761904716491699,0,0,0,0,0,0,0,0,0,0,0,0,0,0,0,0,0,4.761904716491699,0,0,0,4.761904716491699,0,0,24564,23311,284269,51,97,116772.19812011719,70370.50494384766,0,134868701184,8589930496,4985966592,7077888
200,1760601571565,2662,800,3146,800,3837,800,5896,800,3653,4400,1645,800,5086,800,1153,2470,2428,2859,800,800,3529,1901,800,800,800,1804,3852,800,2030,800,1779,800,0,0,0,0,100,0,100,0,0,0,0,0,0,0,0,0,0,0,0,0,0,0,0,0,0,0,0,0,0,0,0,0,0,24564,23311,284153,51,97,116782.75775146484,70378.62371826172,0,134868701184,8589930496,4985966592,7077888
200,1760601571765,2662,800,3146,800,3837,800,5896,800,3653,4400,1645,800,5086,800,1153,2470,2428,2859,800,800,3529,1901,800,800,800,1804,3852,800,2030,800,1779,800,0,4.761904716491699,0,0,100,0,100,0,0,0,0,0,0,0,0,0,0,0,0,0,0,0,0,0,0,0,0,0,0,0,0,0,0,24564,23311,284294,51,97,116793.31127929688,70386.73388671875,0,134868701184,8589930496,4985966592,7077888
200,1760601571965,2662,800,3146,800,3837,800,5896,800,3653,4400,1645,800,5086,800,1153,2470,2428,2859,800,800,3529,1901,800,800,800,1804,3852,800,2030,800,1779,800,5,0,0,0,100,0,95.23809814453125,0,0,0,0,0,4.761904716491699,0,0,0,0,0,0,0,0,0,0,0,0,0,0,0,0,0,0,0,0,24564,23311,284396,51,97,116803.84893798828,70394.83276367188,0,134868701184,8589930496,4985966592,7077888
199,1760601572165,2662,800,3146,800,3837,800,5896,800,3653,4400,1645,800,5086,800,1153,2470,2428,2859,800,800,3529,1901,800,800,800,1804,3852,800,2030,800,1779,800,5,0,0,0,100,0,100,0,0,0,0,0,0,0,0,0,0,0,0,0,0,0,0,0,0,0,0,0,0,0,0,0,0,24564,23311,284236,51,96,116814.85876464844,70403.38275146484,0,134868701184,8589930496,4985962496,7077888
199,1760601572365,2662,800,3146,800,3837,800,5896,800,3653,4400,1645,800,5086,800,1153,2470,2428,2859,800,800,3529,1901,800,800,800,1804,3852,800,2030,800,1779,800,4.761904716491699,0,0,0,100,0,100,0,0,0,0,0,0,0,0,0,0,0,0,0,0,0,0,0,0,0,0,0,0,0,4.761904716491699,0,0,24564,23311,284177,51,97,116825.6947631836,70411.76654052734,0,134868701184,8589930496,4985962496,7077888
199,1760601572565,2662,800,3146,800,3837,800,5896,800,3653,4400,1645,800,5086,800,1153,2470,2428,2859,800,800,3529,1901,800,800,800,1804,3852,800,2030,800,1779,800,0,0,0,0,100,0,100,0,0,0,0,0,0,0,0,0,0,0,0,0,0,0,4.761904716491699,0,0,0,0,0,0,0,0,0,0,24564,23311,284201,51,97,116836.189453125,70419.81707763672,0,134868701184,8589930496,4983971840,7077888
199,1760601572765,2662,800,3146,800,3837,800,5896,800,3653,4400,1645,800,5086,800,1153,2470,2428,2859,800,800,3529,1901,800,800,800,1804,3852,800,2030,800,1779,800,0,0,4.761904716491699,0,100,0,100,0,0,0,0,0,0,0,0,0,0,0,0,0,0,0,0,0,0,0,0,0,0,0,0,0,0,24564,23311,284057,51,97,116846.80572509766,70427.9765625,0,134868701184,8589930496,4983971840,7077888
200,1760601572965,2662,800,3146,800,3837,800,5896,800,3653,4400,1645,800,5086,800,1153,2470,2428,2859,800,800,3529,1901,800,800,800,1804,3852,800,2030,800,1779,800,0,0,0,0,100,0,100,0,0,0,0,0,4.761904716491699,0,0,0,0,0,0,0,0,0,0,0,0,0,0,0,0,0,0,0,0,24564,23311,283842,51,97,116857.3628540039,70436.08599853516,0,134868701184,8589930496,4983971840,7077888
200,1760601573165,2662,800,3146,800,3837,800,5896,800,3653,4400,1645,800,5086,800,1153,2470,2428,2859,800,800,3529,1901,800,800,800,1804,3852,800,2030,800,1779,800,5,4.761904716491699,0,0,100,0,100,0,0,4.761904716491699,0,0,0,0,0,0,0,0,0,0,0,0,0,0,0,0,4.761904716491699,0,0,0,0,0,0,24564,23311,283683,51,97,116867.96759033203,70444.23736572266,0,134868701184,8589930496,4983971840,7077888
200,1760601573365,2662,800,3146,800,3837,800,5896,800,3653,4400,1645,800,5086,800,1153,2470,2428,2859,800,800,3529,1901,800,800,800,1804,3852,800,2030,800,1779,800,5,0,4.761904716491699,0,100,0,100,0,0,0,0,0,0,0,0,0,0,0,0,0,0,0,0,0,0,0,0,0,0,0,0,0,0,24564,23311,283615,51,96,116878.5972290039,70452.41473388672,0,134868701184,8589930496,4983971840,7077888
200,1760601573565,2662,800,3146,800,3837,800,5896,800,3653,4400,1645,800,5086,800,1153,2470,2428,2859,800,800,3529,1901,800,800,800,1804,3852,800,2030,800,1779,800,0,0,0,0,100,0,100,0,0,0,0,0,0,0,0,0,0,0,0,0,0,0,0,0,0,0,0,0,0,0,0,0,0,24564,23311,283497,51,97,116888.84368896484,70460.20068359375,0,134868701184,8589930496,4983971840,7077888
200,1760601573765,2662,800,3146,800,3837,800,5896,800,3653,4400,1645,800,5086,800,1153,2470,2428,2859,800,800,3529,1901,800,800,800,1804,3852,800,2030,800,1779,800,0,0,0,0,100,0,100,0,0,0,0,0,0,0,0,0,0,0,0,0,0,0,0,0,0,0,0,0,0,0,0,0,0,24564,23311,283473,51,97,116898.89251708984,70467.80554199219,0,134868701184,8589930496,4983971840,7077888
200,1760601573965,2662,800,3146,800,3837,800,5896,800,3653,4400,1645,800,5086,800,1153,2470,2428,2859,800,800,3529,1901,800,800,800,1804,3852,800,2030,800,1779,800,5,0,0,0,100,0,100,0,0,0,0,0,0,0,0,0,0,0,0,0,0,0,0,0,0,0,0,0,0,0,0,0,0,24564,23311,283607,51,97,116909.3812866211,70475.85357666016,0,134868701184,8589930496,4983971840,7077888
200,1760601574165,2662,800,3146,800,3837,800,5896,800,3653,4400,1645,800,5086,800,1153,2470,2428,2859,800,800,3529,1901,800,800,800,1804,3852,800,2030,800,1779,800,0,0,0,0,100,0,100,0,0,0,0,0,0,0,0,0,0,0,0,0,0,0,0,0,0,0,5,0,0,0,0,0,0,24564,23311,283693,51,97,116920.07250976563,70484.08544921875,0,134868701184,8589930496,4975714304,7077888
200,1760601574365,2662,800,3146,800,3837,800,5896,800,3653,4400,1645,800,5086,800,1153,2470,2428,2859,800,800,3529,1901,800,800,800,1804,3852,800,2030,800,1779,800,0,0,0,0,100,0,84.21052551269531,0,5,0,4.761904716491699,0,15.000000953674316,0,0,0,0,0,0,0,0,0,0,0,0,0,0,4.761904716491699,0,0,0,0,0,24564,23311,283639,51,96,116930.60168457031,70492.16735839844,0,134868701184,8589930496,4981968896,7077888
200,1760601574565,2662,800,3146,800,3837,800,5896,800,3653,4400,1645,800,5086,800,1153,2470,2428,2859,800,800,3529,1901,800,800,800,1804,3852,800,2030,800,1779,800,5,0,0,0,100,0,100,0,0,0,0,0,0,0,0,0,0,0,0,0,0,0,0,0,0,0,0,4.761904716491699,0,0,4.761904716491699,0,0,24564,23311,283666,51,96,116940.73461914063,70499.85107421875,0,134868701184,8589930496,4981968896,7077888
200,1760601574765,2662,800,3146,800,3837,800,5896,800,3653,4400,1645,800,5086,800,1153,2470,2428,2859,800,800,3529,1901,800,800,800,1804,3852,800,2030,800,1779,800,0,0,0,0,100,0,100,0,0,0,0,0,0,0,0,0,0,0,0,0,0,0,0,0,0,0,4.761904716491699,0,0,0,0,0,0,24564,23311,283755,51,97,116950.71948242188,70507.40930175781,0,134868701184,8589930496,4981968896,7077888
200,1760601574965,2662,800,3146,800,3837,800,5896,800,3653,4400,1645,800,5086,800,1153,2470,2428,2859,800,800,3529,1901,800,800,800,1804,3852,800,2030,800,1779,800,4.761904716491699,0,0,0,100,0,100,0,0,0,0,0,0,0,0,0,0,0,0,0,0,0,0,0,0,0,0,0,0,0,0,0,0,24564,23311,283876,51,97,116960.80084228516,70515.0482788086,0,134868701184,8589930496,4981968896,7077888
200,1760601575165,2662,800,3146,800,3837,800,5896,800,3653,4400,1645,800,5086,800,1153,2470,2428,2859,800,800,3529,1901,800,800,800,1804,3852,800,2030,800,1779,800,5,0,0,0,15.000000953674316,85,100,0,0,0,0,0,0,0,0,0,0,0,0,0,0,0,0,0,0,0,0,0,4.761904716491699,0,0,0,0,24564,23311,283894,51,97,116970.87902832031,70522.68518066406,0,134868701184,8589930496,4981977088,7077888
200,1760601575366,2662,800,3146,800,3837,800,5896,800,3653,4400,1645,800,5086,800,1153,2470,2428,2859,800,800,3529,1901,800,800,800,1804,3852,800,2030,800,1779,800,5,0,0,0,0,100,100,0,0,0,0,0,0,0,0,0,0,0,0,0,0,0,0,0,0,0,0,0,0,0,0,0,0,24564,23311,284171,51,97,116981.56994628906,70530.9262084961,0,134868701184,8589930496,4981977088,7077888
200,1760601575566,2662,800,3146,800,3837,800,5896,800,3653,4400,1645,800,5086,800,1153,2470,2428,2859,800,800,3529,1901,800,800,800,1804,3852,800,2030,800,1779,800,4.761904716491699,0,0,0,0,100,100,0,0,0,0,0,0,0,0,0,0,0,0,0,0,0,0,0,0,0,0,0,0,0,0,0,0,24564,23311,284160,51,96,116992.28717041016,70539.19189453125,0,134868701184,8589930496,4981977088,7077888
200,1760601575766,2662,800,3146,800,3837,800,5896,800,3653,4400,1645,800,5086,800,1153,2470,2428,2859,800,800,3529,1901,800,800,800,1804,3852,800,2030,800,1779,800,0,0,0,0,0,100,100,0,0,0,0,0,0,0,0,0,0,0,0,0,0,0,0,0,0,0,0,0,0,0,0,0,0,24564,23311,284060,51,97,117003.16778564453,70547.6127319336,0,134868701184,8589930496,4981977088,7077888
199,1760601575966,2662,800,3146,800,3837,800,5896,800,3653,4400,1645,800,5086,800,1153,2470,2428,2859,800,800,3529,1901,800,800,800,1804,3852,800,2030,800,1779,800,0,0,0,0,0,100,100,0,0,0,0,0,0,0,0,0,0,0,0,0,0,0,0,0,0,0,0,0,0,0,0,0,0,24564,23311,283802,51,97,117013.83251953125,70555.82775878906,0,134868701184,8589930496,4980944896,7077888
199,1760601576166,2662,800,3146,800,3837,800,5896,800,3653,4400,1645,800,5086,800,1153,2470,2428,2859,800,800,3529,1901,800,800,800,1804,3852,800,2030,800,1779,800,4.761904716491699,4.761904716491699,0,0,0,100,100,0,0,0,0,0,0,0,0,0,0,0,0,0,0,0,0,0,0,0,0,0,0,0,4.761904716491699,0,0,24564,23311,283776,51,97,117024.84857177734,70564.38562011719,0,134868701184,8589930496,4980944896,7077888
199,1760601576366,2662,800,3146,800,3837,800,5896,800,3653,4400,1645,800,5086,800,1153,2470,2428,2859,800,800,3529,1901,800,800,800,1804,3852,800,2030,800,1779,800,0,0,0,0,0,100,100,0,0,0,0,0,0,0,0,0,0,0,0,0,0,0,0,0,0,0,4.761904716491699,0,5,0,0,0,0,24564,23311,283546,51,97,117035.79772949219,70572.873046875,0,134868701184,8589930496,4980944896,7077888
199,1760601576566,2662,800,3146,800,3837,800,5896,800,3653,4400,1645,800,5086,800,1153,2470,2428,2859,800,800,3529,1901,800,800,800,1804,3852,800,2030,800,1779,800,5,0,4.761904716491699,0,0,100,100,0,0,0,0,0,0,0,0,0,0,0,0,0,0,0,0,0,0,0,0,0,0,0,0,0,0,24564,23311,283787,51,96,117046.63177490234,70581.2583618164,0,134868701184,8589930496,4980944896,7077888
200,1760601576766,2662,800,3146,800,3837,800,5896,800,3653,4400,1645,800,5086,800,1153,2470,2428,2859,800,800,3529,1901,800,800,800,1804,3852,800,2030,800,1779,800,4.761904716491699,0,0,0,0,100,100,0,0,0,0,0,0,0,0,0,0,0,0,0,0,0,0,0,0,0,4.761904716491699,0,0,0,0,0,0,24564,23311,283776,51,97,117057.54138183594,70589.71020507813,0,134868701184,8589930496,4980940800,7077888
200,1760601576966,2662,800,3146,800,3837,800,5896,800,3653,4400,1645,800,5086,800,1153,2470,2428,2859,800,800,3529,1901,800,800,800,1804,3852,800,2030,800,1779,800,0,0,0,0,25,75,100,0,0,0,0,0,0,0,0,0,0,0,0,0,0,0,0,0,0,0,0,0,0,0,0,0,0,24564,23311,284026,52,97,117068.5814819336,70598.28527832031,0,134868701184,8589930496,4979113984,7077888
200,1760601577166,2662,800,3146,800,3837,800,5896,800,3653,4400,1645,800,5086,800,1153,2470,2428,2859,800,800,3529,1901,800,800,800,1804,3852,800,2030,800,1779,800,0,0,0,0,100,0,100,0,0,0,0,0,0,0,0,0,0,0,0,0,0,0,0,0,0,0,0,0,0,0,0,0,0,24564,23311,283959,51,97,117079.55944824219,70606.80651855469,0,134868701184,8589930496,4968181760,7077888
200,1760601577366,2662,800,3146,800,3837,800,5896,800,3653,4400,1645,800,5086,800,1153,2470,2428,2859,800,800,3529,1901,800,800,800,1804,3852,800,2030,800,1779,800,5,4.761904716491699,0,0,100,0,100,0,0,0,5,0,0,0,0,0,0,0,0,0,0,0,0,0,0,0,0,0,0,0,0,0,0,24564,23311,283860,51,96,117090.53820800781,70615.3291015625,0,134868701184,8589930496,4984438784,7077888
200,1760601577566,2662,800,3146,800,3837,800,5896,800,3653,4400,1645,800,5086,800,1153,2470,2428,2859,800,800,3529,1901,800,800,800,1804,3852,800,2030,800,1779,800,0,0,0,0,100,0,100,0,0,0,0,0,5,0,0,0,0,0,0,0,0,0,0,0,0,0,0,0,0,0,0,0,0,24564,23311,283975,52,97,117101.43560791016,70623.77038574219,0,134868701184,8589930496,4984438784,7077888
200,1760601577766,2662,800,3146,800,3837,800,5896,800,3653,4400,1645,800,5086,800,1153,2470,2428,2859,800,800,3529,1901,800,800,800,1804,3852,800,2030,800,1779,800,0,0,0,0,100,0,100,0,0,0,0,0,0,0,0,0,0,0,0,0,0,0,0,0,0,0,0,0,0,0,0,0,0,24564,23311,284110,52,97,117112.11114501953,70631.9946899414,0,134868701184,8589930496,4984438784,7077888
200,1760601577966,2662,800,3146,800,3837,800,5896,800,3653,4400,1645,800,5086,800,1153,2470,2428,2859,800,800,3529,1901,800,800,800,1804,3852,800,2030,800,1779,800,0,0,0,0,100,0,100,0,0,4.761904716491699,0,0,0,0,0,0,0,0,0,0,0,0,0,0,0,0,0,0,0,0,0,0,0,24564,23311,284192,52,97,117122.75848388672,70640.19445800781,0,134868701184,8589930496,4984438784,7077888
200,1760601578166,2662,800,3146,800,3837,800,5896,800,3653,4400,1645,800,5086,800,1153,2470,2428,2859,800,800,3529,1901,800,800,800,1804,3852,800,2030,800,1779,800,4.761904716491699,0,0,0,100,0,100,0,0,0,0,0,0,0,0,0,0,0,0,0,0,0,0,0,0,0,0,0,0,0,0,0,0,24564,23311,284010,51,97,117133.46807861328,70648.44702148438,0,134868701184,8589930496,4982755328,7077888
200,1760601578366,2662,800,3146,800,3837,800,5896,800,3653,4400,1645,800,5086,800,1153,2470,2428,2859,800,800,3529,1901,800,800,800,1804,3852,800,2030,800,1779,800,0,0,0,0,100,0,100,0,0,0,0,0,0,0,0,0,0,0,0,0,0,0,0,0,0,0,5,0,0,0,0,0,0,24564,23311,284135,52,96,117144.34783935547,70656.87878417969,0,134868701184,8589930496,4982755328,7077888
200,1760601578566,2662,800,3146,800,3837,800,5896,800,3653,4400,1645,800,5086,800,1153,2470,2428,2859,800,800,3529,1901,800,800,800,1804,3852,800,2030,800,1779,800,4.761904716491699,0,0,0,100,0,100,0,0,0,0,0,0,0,0,0,0,0,0,0,0,0,0,0,0,0,0,0,0,0,0,0,0,24564,23311,284016,52,97,117155.39758300781,70665.46368408203,0,134868701184,8589930496,4981587968,7077888
200,1760601578766,2662,800,3146,800,3837,800,5896,800,3653,4400,1645,800,5086,800,1153,2470,2428,2859,800,800,3529,1901,800,800,800,1804,3852,800,2030,800,1779,800,5,4.761904716491699,4.761904716491699,0,100,0,100,0,0,0,0,0,0,0,0,0,0,0,0,0,0,0,0,0,0,0,0,0,4.761904716491699,0,0,0,0,24564,23311,283915,52,97,117166.5004272461,70674.1107788086,0,134868701184,8589930496,4981587968,7077888
200,1760601578967,2662,800,3146,800,3837,800,5896,800,3653,4400,1645,800,5086,800,1153,2470,2428,2859,800,800,3529,1901,800,800,800,1804,3852,800,2030,800,1779,800,5,0,0,0,100,0,100,0,0,0,0,0,0,0,0,0,0,0,0,0,0,0,0,0,0,0,0,0,0,0,0,0,0,24564,23311,283960,52,97,117177.34100341797,70682.48443603516,0,134868701184,8589930496,4967391232,7077888
200,1760601579167,2662,800,3146,800,3837,800,5896,800,3653,4400,1645,800,5086,800,1153,2470,2428,2859,800,800,3529,1901,800,800,800,1804,3852,800,2030,800,1779,800,0,0,0,0,100,0,95.23809814453125,0,0,0,0,0,0,0,0,0,0,0,0,0,0,0,0,0,0,0,0,0,0,0,0,0,0,24564,23311,283704,51,97,117188.4135131836,70691.10467529297,0,134868701184,8589930496,4983648256,7077888
200,1760601579367,2662,800,3146,800,3837,800,5896,800,3653,4400,1645,800,5086,800,1153,2470,2428,2859,800,800,3529,1901,800,800,800,1804,3852,800,2030,800,1779,800,0,0,0,0,100,0,100,0,0,0,0,0,0,0,0,0,0,0,0,0,0,0,0,0,0,0,0,0,4.761904716491699,0,0,0,0,24564,23311,284007,52,96,117199.46258544922,70699.69610595703,0,134868701184,8589930496,4983648256,7077888
200,1760601579567,2662,800,3146,800,3837,800,5896,800,3653,4400,1645,800,5086,800,1153,2470,2428,2859,800,800,3529,1901,800,800,800,1804,3852,800,2030,800,1779,800,0,0,0,0,100,0,85,0,5,0,0,0,0,0,0,0,0,0,0,0,0,0,0,0,0,0,10,0,0,0,0,0,0,24564,23311,283797,52,97,117209.61437988281,70707.39270019531,0,134868701184,8589930496,4983648256,7077888
200,1760601579767,2662,800,3146,800,3837,800,5896,800,3653,4400,1645,800,5086,800,1153,2470,2428,2859,800,800,3529,1901,800,800,800,1804,3852,800,2030,800,1779,800,0,0,0,0,100,0,100,0,0,0,0,0,0,0,0,0,0,0,0,0,0,0,0,0,0,0,0,0,5,0,5,0,0,24564,23311,283905,52,96,117220.17498779297,70715.4951171875,0,134868701184,8589930496,4983648256,7077888
200,1760601579967,2662,800,3146,800,3837,800,5896,800,3653,4400,1645,800,5086,800,1153,2470,2428,2859,800,800,3529,1901,800,800,800,1804,3852,800,2030,800,1779,800,0,0,0,0,100,0,100,0,0,0,0,0,0,0,0,0,0,0,0,0,0,0,0,0,0,0,0,0,4.761904716491699,0,4.761904716491699,0,0,24564,23311,283856,52,97,117230.83392333984,70723.69445800781,0,134868701184,8589930496,4983447552,7077888
200,1760601580167,2662,800,3146,800,3837,800,5896,800,3653,4400,1645,800,5086,800,1153,2470,2428,2859,800,800,3529,1901,800,800,800,1804,3852,800,2030,800,1779,800,0,0,0,0,100,0,100,0,0,0,0,0,0,0,0,0,0,0,0,0,0,0,0,0,0,0,4.761904716491699,0,5,0,0,0,0,24564,23311,283816,52,97,117241.43542480469,70731.84399414063,0,134868701184,8589930496,4978786304,7077888
200,1760601580367,2662,800,3146,800,3837,800,5896,800,3653,4400,1645,800,5086,800,1153,2470,2428,2859,800,800,3529,1901,800,800,800,1804,3852,800,2030,800,1779,800,0,0,0,0,100,0,100,0,0,0,0,0,0,0,0,0,0,0,0,0,0,0,0,0,0,0,0,0,0,0,5,0,0,24564,23311,284021,52,97,117252.17401123047,70740.12310791016,0,134868701184,8589930496,4995043328,7077888
200,1760601580568,2662,800,3146,800,3837,800,5896,800,3653,4400,1645,800,5086,800,1153,2470,2428,2859,800,800,3529,1901,800,800,800,1804,3852,800,2030,800,1779,800,0,0,0,0,100,0,100,0,0,0,0,0,0,0,0,0,0,0,0,0,0,0,0,0,0,0,0,0,0,0,0,0,0,24564,23311,283785,52,96,117262.810546875,70748.3012084961,0,134868701184,8589930496,4995043328,7077888
200,1760601580768,2662,800,3146,800,3837,800,5896,800,3653,4400,1645,800,5086,800,1153,2470,2428,2859,800,800,3529,1901,800,800,800,1804,3852,800,2030,800,1779,800,0,0,4.761904716491699,0,100,0,100,0,0,0,0,0,0,0,0,0,0,0,0,0,0,0,0,0,0,0,5,0,0,0,5,0,0,24564,23311,283903,52,97,117273.1752319336,70756.20849609375,0,134868701184,8589930496,4995043328,7077888
200,1760601580968,2662,800,3146,800,3837,800,5896,800,3653,4400,1645,800,5086,800,1153,2470,2428,2859,800,800,3529,1901,800,800,800,1804,3852,800,2030,800,1779,800,0,0,0,0,100,0,100,0,0,0,0,0,0,0,0,0,0,0,0,0,0,0,0,0,0,0,0,0,0,0,5,0,0,24564,23311,283769,52,97,117283.16186523438,70763.75915527344,0,134868701184,8589930496,4994166784,7077888
200,1760601581168,2662,800,3146,800,3837,800,5896,800,3653,4400,1645,800,5086,800,1153,2470,2428,2859,800,800,3529,1901,800,800,800,1804,3852,800,2030,800,1779,800,0,0,0,0,100,0,100,0,0,0,0,0,0,0,0,0,0,0,0,0,0,0,0,0,0,0,0,0,0,0,0,0,0,24564,23311,283885,52,97,117293.20623779297,70771.36810302734,0,134868701184,8589930496,4986155008,7077888
200,1760601581368,2662,800,3146,800,3837,800,5896,800,3653,4400,1645,800,5086,800,1153,2470,2428,2859,800,800,3529,1901,800,800,800,1804,3852,800,2030,800,1779,800,0,0,0,0,100,0,100,0,0,0,0,0,0,0,0,0,0,0,0,0,0,0,0,0,0,0,0,0,0,0,9.090909004211426,0,0,24564,23311,284020,52,97,117303.18103027344,70778.91314697266,0,134868701184,8589930496,4986925056,7077888
200,1760601581568,2662,800,3146,800,3837,800,5896,800,3653,4400,1645,800,5086,800,1153,2470,2428,2859,800,800,3529,1901,800,800,800,1804,3852,800,2030,800,1779,800,0,0,0,0,100,0,100,0,0,0,0,0,0,0,0,0,0,0,0,0,0,0,0,0,0,0,0,0,0,0,0,0,0,24564,23311,283931,52,96,117313.74591064453,70787.02227783203,0,134868701184,8589930496,4986925056,7077888
200,1760601581768,2662,800,3146,800,3837,800,5896,800,3653,4400,1645,800,5086,800,1153,2470,2428,2859,800,800,3529,1901,800,800,800,1804,3852,800,2030,800,1779,800,0,0,0,0,100,0,100,0,0,0,0,0,0,0,0,0,0,0,0,0,0,0,0,0,0,0,0,0,0,0,5,0,0,24564,23311,283953,52,97,117324.21142578125,70795.04736328125,0,134868701184,8589930496,4986925056,7077888
200,1760601581968,2662,800,3146,800,3837,800,5896,800,3653,4400,1645,800,5086,800,1153,2470,2428,2859,800,800,3529,1901,800,800,800,1804,3852,800,2030,800,1779,800,0,0,0,0,100,0,100,0,0,0,4.761904716491699,0,0,0,0,0,0,0,0,0,0,0,0,0,0,0,0,0,5,0,5,0,0,24564,23311,284051,52,97,117334.94744873047,70803.32678222656,0,134868701184,8589930496,4986925056,7077888
200,1760601582168,2662,800,3146,800,3837,800,5896,800,3653,4400,1645,800,5086,800,1153,2470,2428,2859,800,800,3529,1901,800,800,800,1804,3852,800,2030,800,1779,800,0,0,0,0,100,0,100,0,0,4.761904716491699,0,0,0,0,0,0,0,0,0,0,0,0,0,0,0,0,0,0,0,0,0,0,0,24564,23311,284090,52,97,117345.60522460938,70811.5443725586,0,134868701184,8589930496,4986101760,7077888
200,1760601582369,2662,800,3146,800,3837,800,5896,800,3653,4400,1645,800,5086,800,1153,2470,2428,2859,800,800,3529,1901,800,800,800,1804,3852,800,2030,800,1779,800,0,0,0,0,100,0,100,0,0,0,0,0,4.761904716491699,0,0,0,0,0,0,0,0,0,0,0,0,0,0,0,0,0,4.761904716491699,0,0,24564,23311,284107,52,97,117356.3208618164,70819.8095703125,0,134868701184,8589930496,4986101760,7077888
200,1760601582569,2662,800,3146,800,3837,800,5896,800,3653,4400,1645,800,5086,800,1153,2470,2428,2859,800,800,3529,1901,800,800,800,1804,3852,800,2030,800,1779,800,0,0,4.761904716491699,0,100,0,100,0,0,0,0,0,0,0,0,0,0,0,0,0,0,0,0,0,0,0,0,0,4.761904716491699,0,5,0,0,24564,23311,284195,52,97,117367.05346679688,70828.08630371094,0,134868701184,8589930496,4986101760,7077888
200,1760601582769,2662,800,3146,800,3837,800,5896,800,3653,4400,1645,800,5086,800,1153,2470,2428,2859,800,800,3529,1901,800,800,800,1804,3852,800,2030,800,1779,800,0,0,0,0,100,0,100,0,0,0,0,0,0,0,0,0,0,0,0,0,0,0,0,0,0,0,0,0,0,0,5,0,0,24564,23311,284486,52,97,117377.78430175781,70836.36199951172,0,134868701184,8589930496,4986101760,7077888
200,1760601582969,2662,800,3146,800,3837,800,5896,800,3653,4400,1645,800,5086,800,1153,2470,2428,2859,800,800,3529,1901,800,800,800,1804,3852,800,2030,800,1779,800,0,0,0,0,100,0,100,0,0,0,0,0,0,0,0,0,0,0,0,0,0,0,0,0,0,0,0,0,0,0,0,0,0,24564,23311,284577,52,97,117388.4833984375,70844.6123046875,0,134868701184,8589930496,4984066048,7077888
199,1760601583169,2662,800,3146,800,3837,800,5896,800,3653,4400,1645,800,5086,800,1153,2470,2428,2859,800,800,3529,1901,800,800,800,1804,3852,800,2030,800,1779,800,5,0,0,0,100,0,100,0,0,0,0,0,0,0,0,0,0,0,0,0,0,0,0,0,0,0,0,0,0,0,9.090909004211426,0,0,24564,23311,284481,52,96,117399.2319946289,70852.90545654297,0,134868701184,8589930496,4984066048,7077888
200,1760601583369,2662,800,3146,800,3837,800,5896,800,3653,4400,1645,800,5086,800,1153,2470,2428,2859,800,800,3529,1901,800,800,800,1804,3852,800,2030,800,1779,800,0,0,0,0,100,0,100,0,0,0,0,0,0,0,0,0,0,0,0,0,0,0,0,0,0,0,0,0,0,0,0,0,0,24564,23311,284445,52,97,117409.95965576172,70861.16680908203,0,134868701184,8589930496,4984066048,7077888
199,1760601583569,2662,800,3146,800,3837,800,5896,800,3653,4400,1645,800,5086,800,1153,2470,2428,2859,800,800,3529,1901,800,800,800,1804,3852,800,2030,800,1779,800,0,0,0,0,100,0,100,0,0,0,0,0,0,0,0,0,0,0,0,0,0,0,0,0,0,0,4.761904716491699,0,0,0,5,0,0,24564,23311,284300,52,97,117420.68145751953,70869.43365478516,0,134868701184,8589930496,4984066048,7077888
200,1760601583769,2662,800,3146,800,3837,800,5896,800,3653,4400,1645,800,5086,800,1153,2470,2428,2859,800,800,3529,1901,800,800,800,1804,3852,800,2030,800,1779,800,0,0,0,0,100,0,100,0,0,0,0,0,0,0,0,0,0,0,0,0,0,0,0,0,0,0,4.761904716491699,0,0,0,5,0,0,24564,23311,284316,52,97,117431.32348632813,70877.62219238281,0,134868701184,8589930496,4984061952,7077888
200,1760601583969,2662,800,3146,800,3837,800,5896,800,3653,4400,1645,800,5086,800,1153,2470,2428,2859,800,800,3529,1901,800,800,800,1804,3852,800,2030,800,1779,800,0,0,0,0,100,0,100,0,0,0,0,0,0,0,0,0,0,0,0,0,0,0,0,0,0,0,0,0,0,0,0,0,0,24564,23311,284254,52,97,117441.96228027344,70885.80352783203,0,134868701184,8589930496,4984061952,7077888
200,1760601584170,2662,800,3146,800,3837,800,5896,800,3653,4400,1645,800,5086,800,1153,2470,2428,2859,800,800,3529,1901,800,800,800,1804,3852,800,2030,800,1779,800,0,0,0,0,100,0,100,0,0,0,0,0,0,0,0,0,0,0,0,0,0,0,0,0,0,0,0,0,5,0,0,0,0,24564,23311,283849,52,96,117452.04431152344,70893.43432617188,0,134868701184,8589930496,4983832576,7077888
200,1760601584370,2662,800,3146,800,3837,800,5896,800,3653,4400,1645,800,5086,800,1153,2470,2428,2859,800,800,3529,1901,800,800,800,1804,3852,800,2030,800,1779,800,0,0,0,0,100,0,80,0,0,0,0,0,0,0,0,0,0,0,0,0,0,0,0,0,0,0,0,0,20,0,0,0,0,24564,23311,283889,52,96,117462.42852783203,70901.35534667969,0,134868701184,8589930496,4983832576,7077888
200,1760601584570,2662,800,3146,800,3837,800,5896,800,3653,4400,1645,800,5086,800,1153,2470,2428,2859,800,800,3529,1901,800,800,800,1804,3852,800,2030,800,1779,800,0,0,0,0,100,0,100,0,4.761904716491699,0,0,0,0,0,0,0,0,0,0,0,0,0,0,0,0,0,0,0,0,0,4.761904716491699,0,0,24564,23311,283963,52,97,117472.98370361328,70909.45495605469,0,134868701184,8589930496,4983832576,7077888
200,1760601584770,2662,800,3146,800,3837,800,5896,800,3653,4400,1645,800,5086,800,1153,2470,2428,2859,800,800,3529,1901,800,800,800,1804,3852,800,2030,800,1779,800,0,0,0,0,100,0,100,0,0,0,0,0,0,0,0,0,0,0,0,0,0,0,0,0,0,0,0,0,5,0,0,0,0,24564,23311,283905,52,97,117483.65698242188,70917.66571044922,0,134868701184,8589930496,4983832576,7077888
200,1760601584970,2662,800,3146,800,3837,800,5896,800,3653,4400,1645,800,5086,800,1153,2470,2428,2859,800,800,3529,1901,800,800,800,1804,3852,800,2030,800,1779,800,0,0,0,0,100,0,100,0,0,0,0,0,0,0,0,0,0,0,0,0,0,0,0,0,0,0,0,0,0,0,0,0,0,24564,23311,283717,52,96,117494.21655273438,70925.77551269531,0,134868701184,8589930496,4983832576,7077888
200,1760601585170,2662,800,3146,800,3837,800,5896,800,3653,4400,1645,800,5086,800,1153,2470,2428,2859,800,800,3529,1901,800,800,800,1804,3852,800,2030,800,1779,800,0,0,0,0,100,0,100,0,0,0,0,0,0,0,0,0,0,0,0,0,0,0,0,0,0,0,4.761904716491699,0,5,0,4.761904716491699,0,0,24564,23311,284148,52,97,117504.87353515625,70933.96368408203,0,134868701184,8589930496,4973826048,7077888
200,1760601585370,2662,800,3146,800,3837,800,5896,800,3653,4400,1645,800,5086,800,1153,2470,2428,2859,800,800,3529,1901,800,800,800,1804,3852,800,2030,800,1779,800,4.761904716491699,0,0,0,100,0,100,0,0,0,0,0,0,0,0,0,0,0,0,0,0,0,0,0,0,0,0,0,0,0,0,0,0,24564,23311,284515,52,97,117515.55267333984,70942.18029785156,0,134868701184,8589930496,4990083072,7077888
200,1760601585571,2662,800,3146,800,3837,800,5896,800,3653,4400,1645,800,5086,800,1153,2470,2428,2859,800,800,3529,1901,800,800,800,1804,3852,800,2030,800,1779,800,0,0,0,0,100,0,100,0,0,0,0,0,0,0,0,0,0,0,0,0,0,0,0,0,0,0,0,4.761904716491699,5,0,0,0,0,24564,23311,284658,52,97,117526.20629882813,70950.38458251953,0,134868701184,8589930496,4990083072,7077888
200,1760601585771,2662,800,3146,800,3837,800,5896,800,3653,4400,1645,800,5086,800,1153,2470,2428,2859,800,800,3529,1901,800,800,800,1804,3852,800,2030,800,1779,800,0,0,0,0,100,0,100,0,0,0,0,0,0,0,0,0,0,0,0,0,0,0,0,0,0,0,0,0,4.761904716491699,0,0,0,0,24564,23311,284824,52,97,117536.9595336914,70958.67559814453,0,134868701184,8589930496,4990083072,7077888
199,1760601585971,2662,800,3146,800,3837,800,5896,800,3653,4400,1645,800,5086,800,1153,2470,2428,2859,800,800,3529,1901,800,800,800,1804,3852,800,2030,800,1779,800,0,0,0,0,100,0,100,0,0,0,4.761904716491699,0,0,0,0,0,0,0,0,0,0,0,0,0,0,0,0,0,0,0,0,0,0,24564,23311,285018,52,97,117547.61254882813,70966.8720703125,0,134868701184,8589930496,4988542976,7077888
200,1760601586171,2662,800,3146,800,3837,800,5896,800,3653,4400,1645,800,5086,800,1153,2470,2428,2859,800,800,3529,1901,800,800,800,1804,3852,800,2030,800,1779,800,0,0,0,0,100,0,100,0,4.761904716491699,0,0,0,5,0,0,0,0,0,0,0,0,0,0,0,0,0,0,0,0,0,0,0,0,24564,23311,284673,52,96,117558.26483154297,70975.0703125,0,134868701184,8589930496,4988542976,7077888
200,1760601586371,2662,800,3146,800,3837,800,5896,800,3653,4400,1645,800,5086,800,1153,2470,2428,2859,800,800,3529,1901,800,800,800,1804,3852,800,2030,800,1779,800,0,0,0,0,100,0,100,0,0,0,0,0,0,0,0,0,0,0,0,0,0,0,0,0,0,0,0,0,5,0,0,0,0,24564,23311,284738,52,97,117568.95263671875,70983.29302978516,0,134868701184,8589930496,4988542976,7077888
200,1760601586571,2662,800,3146,800,3837,800,5896,800,3653,4400,1645,800,5086,800,1153,2470,2428,2859,800,800,3529,1901,800,800,800,1804,3852,800,2030,800,1779,800,5,0,5,0,100,0,100,0,0,0,0,0,0,0,0,0,0,0,0,0,0,0,0,0,0,0,0,0,0,0,0,0,0,24564,23311,284380,52,96,117579.64233398438,70991.51947021484,0,134868701184,8589930496,4988801024,7077888
200,1760601586771,2662,800,3146,800,3837,800,5896,800,3653,4400,1645,800,5086,800,1153,2470,2428,2859,800,800,3529,1901,800,800,800,1804,3852,800,2030,800,1779,800,0,0,0,0,100,0,84.21052551269531,0,15.000000953674316,0,0,0,0,0,0,0,0,0,0,0,0,0,0,0,0,0,4.761904716491699,0,5,0,5,0,0,24564,23311,283828,52,96,117589.69213867188,70999.1216430664,0,134868701184,8589930496,4988801024,7077888
200,1760601586971,2662,800,3146,800,3837,800,5896,800,3653,4400,1645,800,5086,800,1153,2470,2428,2859,800,800,3529,1901,800,800,800,1804,3852,800,2030,800,1779,800,0,0,0,0,100,0,100,0,0,0,0,0,0,0,0,0,0,0,0,0,0,0,0,0,0,0,5,0,4.761904716491699,0,0,0,0,24564,23311,283603,52,97,117599.78729248047,71006.75256347656,0,134868701184,8589930496,4987858944,7077888
200,1760601587171,2662,800,3146,800,3837,800,5896,800,3653,4400,1645,800,5086,800,1153,2470,2428,2859,800,800,3529,1901,800,800,800,1804,3852,800,2030,800,1779,800,0,0,0,0,100,0,100,0,0,0,0,0,0,0,0,0,0,0,0,0,0,0,0,0,0,0,0,0,0,0,0,0,0,24564,23311,283643,52,97,117610.24194335938,71014.75372314453,0,134868701184,8589930496,4982317056,7077888
200,1760601587371,2662,800,3146,800,3837,800,5896,800,3653,4400,1645,800,5086,800,1153,2470,2428,2859,800,800,3529,1901,800,800,800,1804,3852,800,2030,800,1779,800,0,0,0,0,100,0,100,0,0,0,0,0,0,0,0,0,0,0,0,0,0,0,0,0,0,0,0,0,0,0,4.761904716491699,0,0,24564,23311,283674,52,97,117620.78387451172,71022.85021972656,0,134868701184,8589930496,4982317056,7077888
200,1760601587571,2662,800,3146,800,3837,800,5896,800,3653,4400,1645,800,5086,800,1153,2470,2428,2859,800,800,3529,1901,800,800,800,1804,3852,800,2030,800,1779,800,0,0,0,0,100,0,100,0,0,0,0,0,0,0,0,0,0,0,0,0,0,0,0,0,0,0,0,0,4.761904716491699,0,0,0,0,24564,23311,283727,52,97,117631.33142089844,71030.93359375,0,134868701184,8589930496,4982317056,7077888
200,1760601587772,2662,800,3146,800,3837,800,5896,800,3653,4400,1645,800,5086,800,1153,2470,2428,2859,800,800,3529,1901,800,800,800,1804,3852,800,2030,800,1779,800,0,0,0,0,100,0,100,0,0,0,0,0,0,0,0,0,0,0,0,0,0,0,0,0,0,0,0,0,0,0,0,0,0,24564,23311,284005,52,97,117641.93383789063,71039.07720947266,0,134868701184,8589930496,4982317056,7077888
200,1760601587972,2662,800,3146,800,3837,800,5896,800,3653,4400,1645,800,5086,800,1153,2470,2428,2859,800,800,3529,1901,800,800,800,1804,3852,800,2030,800,1779,800,0,0,0,0,100,0,100,0,0,0,0,0,0,0,0,0,0,0,0,0,0,0,0,0,0,0,0,0,4.761904716491699,0,0,0,0,24564,23311,284095,52,96,117652.56512451172,71047.24603271484,0,134868701184,8589930496,4981112832,7077888
200,1760601588172,2662,800,3146,800,3837,800,5896,800,3653,4400,1645,800,5086,800,1153,2470,2428,2859,800,800,3529,1901,800,800,800,1804,3852,800,2030,800,1779,800,0,0,0,0,100,0,100,0,0,0,0,0,0,0,0,0,0,0,0,0,0,0,0,0,0,0,0,0,0,0,0,0,0,24564,23311,283947,52,97,117662.93151855469,71055.15692138672,0,134868701184,8589930496,4980301824,7077888
199,1760601588372,2662,800,3146,800,3837,800,5896,800,3653,4400,1645,800,5086,800,1153,2470,2428,2859,800,800,3529,1901,800,800,800,1804,3852,800,2030,800,1779,800,0,0,0,0,100,0,85,0,0,0,0,0,0,0,0,0,0,0,0,0,0,0,0,0,0,0,0,0,19.047618865966797,0,0,0,0,24564,23311,283655,52,97,117673.67755126953,71063.44940185547,0,134868701184,8589930496,4966391808,7077888
200,1760601588572,2662,800,3146,800,3837,800,5896,800,3653,4400,1645,800,5086,800,1153,2470,2428,2859,800,800,3529,1901,800,800,800,1804,3852,800,2030,800,1779,800,0,4.761904716491699,4.761904716491699,0,100,0,100,0,0,0,0,0,0,0,0,0,0,0,0,0,0,0,0,0,0,0,0,0,0,0,0,0,0,24564,23311,283303,52,96,117684.3892211914,71071.70397949219,0,134868701184,8589930496,4973846528,7077888
200,1760601588772,2662,800,3146,800,3837,800,5896,800,3653,4400,1645,800,5086,800,1153,2470,2428,2859,800,800,3529,1901,800,800,800,1804,3852,800,2030,800,1779,800,0,0,0,0,100,0,100,0,0,0,0,0,0,0,0,0,0,0,0,0,0,0,0,0,0,0,0,0,0,0,4.761904716491699,0,0,24564,23311,283219,52,97,117695.11584472656,71079.96514892578,0,134868701184,8589930496,4973846528,7077888
200,1760601588972,2662,800,3146,800,3837,800,5896,800,3653,4400,1645,800,5086,800,1153,2470,2428,2859,800,800,3529,1901,800,800,800,1804,3852,800,2030,800,1779,800,0,0,0,0,100,0,100,0,0,0,0,0,0,0,0,0,0,0,0,0,0,0,0,0,0,0,0,0,0,0,5,0,0,24564,23311,283237,52,97,117705.74700927734,71088.13970947266,0,134868701184,8589930496,4972081152,7077888
200,1760601589172,2662,800,3146,800,3837,800,5896,800,3653,4400,1645,800,5086,800,1153,2470,2428,2859,800,800,3529,1901,800,800,800,1804,3852,800,2030,800,1779,800,0,0,0,0,100,0,100,0,0,0,0,0,0,0,0,0,0,0,0,0,0,0,0,0,0,0,0,0,0,0,0,0,0,24564,23311,283660,52,97,117716.38940429688,71096.32415771484,0,134868701184,8589930496,4972310528,7077888
199,1760601589372,2662,800,3146,800,3837,800,5896,800,3653,4400,1645,800,5086,800,1153,2470,2428,2859,800,800,3529,1901,800,800,800,1804,3852,800,2030,800,1779,800,0,0,0,0,100,0,100,0,0,0,0,0,0,0,0,0,0,0,0,0,0,0,0,0,0,0,4.761904716491699,0,0,0,0,0,0,24564,23311,283979,52,97,117727.02349853516,71104.50787353516,0,134868701184,8589930496,4972310528,7077888
200,1760601589572,2662,800,3146,800,3837,800,5896,800,3653,4400,1645,800,5086,800,1153,2470,2428,2859,800,800,3529,1901,800,800,800,1804,3852,800,2030,800,1779,800,0,0,0,0,100,0,100,0,0,0,0,0,0,0,0,0,0,0,0,0,0,0,0,0,0,0,0,0,0,0,5,0,0,24564,23311,284096,52,97,117737.70709228516,71112.73608398438,0,134868701184,8589930496,4972310528,7077888
200,1760601589772,2662,800,3146,800,3837,800,5896,800,3653,4400,1645,800,5086,800,1153,2470,2428,2859,800,800,3529,1901,800,800,800,1804,3852,800,2030,800,1779,800,0,0,0,0,100,0,100,0,0,0,0,0,0,0,0,0,0,0,0,0,0,0,0,0,0,0,0,0,0,0,0,0,0,24564,23311,284448,52,97,117748.42431640625,71120.99188232422,0,134868701184,8589930496,4972310528,7077888
200,1760601589972,2662,800,3146,800,3837,800,5896,800,3653,4400,1645,800,5086,800,1153,2470,2428,2859,800,800,3529,1901,800,800,800,1804,3852,800,2030,800,1779,800,0,0,0,0,100,0,95.23809814453125,0,0,0,0,0,4.761904716491699,0,0,0,0,0,0,0,0,0,0,0,0,0,0,0,0,0,9.523809432983398,0,0,24564,23311,284282,52,96,117759.1480102539,71129.25225830078,0,134868701184,8589930496,4972310528,7077888
200,1760601590173,2662,800,3146,800,3837,800,5896,800,3653,4400,1645,800,5086,800,1153,2470,2428,2859,800,800,3529,1901,800,800,800,1804,3852,800,2030,800,1779,800,9.090909004211426,0,4.761904716491699,0,100,0,94.73684692382813,0,5,0,0,0,0,0,0,0,0,0,0,0,0,0,0,0,0,0,0,0,0,0,0,0,0,24564,23311,284113,52,97,117769.62133789063,71137.26354980469,0,134868701184,8589930496,4971675648,7077888
200,1760601590373,2662,800,3146,800,3837,800,5896,800,3653,4400,1645,800,5086,800,1153,2470,2428,2859,800,800,3529,1901,800,800,800,1804,3852,800,2030,800,1779,800,10.526315689086914,0,0,0,100,0,90,0,0,0,0,0,0,0,0,0,0,0,0,0,0,0,0,0,0,0,0,0,0,0,4.761904716491699,0,0,24564,23311,284006,52,97,117779.74200439453,71144.92742919922,0,134868701184,8589930496,4971675648,7077888
199,1760601590573,2662,800,3146,800,3837,800,5896,800,3653,4400,1645,800,5086,800,1153,2470,2428,2859,800,800,3529,1901,800,800,800,1804,3852,800,2030,800,1779,800,0,0,0,0,100,0,100,0,0,0,0,0,0,0,0,0,0,0,0,0,0,0,0,0,0,0,0,0,0,0,0,0,0,24564,23311,283927,52,97,117789.89050292969,71152.61999511719,0,134868701184,8589930496,4971671552,7077888
200,1760601590773,2662,800,3146,800,3837,800,5896,800,3653,4400,1645,800,5086,800,1153,2470,2428,2859,800,800,3529,1901,800,800,800,1804,3852,800,2030,800,1779,800,0,0,0,0,100,0,85,0,0,0,0,0,0,0,0,0,0,0,0,0,0,0,0,0,0,0,0,0,15.000000953674316,0,0,0,0,24564,23311,283507,52,96,117800.18737792969,71160.46685791016,0,134868701184,8589930496,4971413504,7077888
200,1760601590973,2662,800,3146,800,3837,800,5896,800,3653,4400,1645,800,5086,800,1153,2470,2428,2859,800,800,3529,1901,800,800,800,1804,3852,800,2030,800,1779,800,0,0,0,0,100,0,100,0,0,0,0,0,0,0,0,0,0,0,0,0,0,0,0,0,0,0,0,0,0,0,9.523809432983398,0,0,24564,23311,283759,52,97,117810.35833740234,71168.1782836914,0,134868701184,8589930496,4971413504,7077888
200,1760601591173,2662,800,3146,800,3837,800,5896,800,3653,4400,1645,800,5086,800,1153,2470,2428,2859,800,800,3529,1901,800,800,800,1804,3852,800,2030,800,1779,800,0,0,0,0,100,0,100,0,0,0,0,0,0,0,0,0,0,0,0,0,0,0,0,0,0,0,0,0,4.761904716491699,0,0,0,0,24564,23311,283917,52,97,117820.77087402344,71176.1435546875,0,134868701184,8589930496,4971302912,7077888
199,1760601591373,2662,800,3146,800,3837,800,5896,800,3653,4400,1645,800,5086,800,1153,2470,2428,2859,800,800,3529,1901,800,800,800,1804,3852,800,2030,800,1779,800,0,0,0,0,100,0,100,0,0,0,0,0,0,0,0,0,0,0,0,0,0,0,0,0,0,0,0,0,0,0,0,0,0,24564,23311,284168,52,97,117831.42364501953,71184.32916259766,0,134868701184,8589930496,4971302912,7077888
200,1760601591573,2662,800,3146,800,3837,800,5896,800,3653,4400,1645,800,5086,800,1153,2470,2428,2859,800,800,3529,1901,800,800,800,1804,3852,800,2030,800,1779,800,0,0,0,0,100,0,100,0,0,0,0,0,0,0,0,0,0,0,0,0,0,0,0,0,0,0,0,0,0,0,0,0,0,24564,23311,284326,52,97,117841.57458496094,71192.01916503906,0,134868701184,8589930496,4971302912,7077888
200,1760601591773,2662,800,3146,800,3837,800,5896,800,3653,4400,1645,800,5086,800,1153,2470,2428,2859,800,800,3529,1901,800,800,800,1804,3852,800,2030,800,1779,800,0,0,0,0,100,0,100,0,0,0,0,0,0,0,0,0,0,0,0,0,0,0,0,0,0,0,0,0,0,0,4.761904716491699,0,0,24564,23311,284597,52,97,117851.74249267578,71199.7398071289,0,134868701184,8589930496,4971302912,7077888
200,1760601591973,2662,800,3146,800,3837,800,5896,800,3653,4400,1645,800,5086,800,1153,2470,2428,2859,800,800,3529,1901,800,800,800,1804,3852,800,2030,800,1779,800,0,0,0,0,100,0,100,0,0,0,0,0,0,0,0,0,0,0,0,0,0,0,0,0,0,0,0,0,0,0,0,0,0,24564,23311,284691,52,97,117861.94036865234,71207.47766113281,0,134868701184,8589930496,4959895552,7077888
200,1760601592174,2662,800,3146,800,3837,800,5896,800,3653,4400,1645,800,5086,800,1153,2470,2428,2859,800,800,3529,1901,800,800,800,1804,3852,800,2030,800,1779,800,0,0,4.761904716491699,0,100,0,100,0,5,0,0,0,0,0,0,0,0,0,0,0,0,0,0,0,0,0,4.761904716491699,0,0,0,0,0,0,24564,23311,284408,52,96,117871.98205566406,71215.06170654297,0,134868701184,8589930496,4976398336,7077888
200,1760601592374,2662,800,3146,800,3837,800,5896,800,3653,4400,1645,800,5086,800,1153,2470,2428,2859,800,800,3529,1901,800,800,800,1804,3852,800,2030,800,1779,800,0,0,0,0,100,0,100,0,0,0,0,0,4.761904716491699,0,0,0,0,0,0,0,0,0,0,0,0,0,0,0,0,0,0,0,0,24564,23311,284215,52,97,117882.1167602539,71222.74267578125,0,134868701184,8589930496,4976398336,7077888
200,1760601592574,2662,800,3146,800,3837,800,5896,800,3653,4400,1645,800,5086,800,1153,2470,2428,2859,800,800,3529,1901,800,800,800,1804,3852,800,2030,800,1779,800,0,0,0,0,100,0,100,0,0,0,0,0,0,0,0,0,0,0,0,0,0,0,0,0,0,0,0,0,0,0,0,0,0,24564,23311,283993,52,97,117892.24151611328,71230.4174194336,0,134868701184,8589930496,4976140288,7077888
200,1760601592774,2662,800,3146,800,3837,800,5896,800,3653,4400,1645,800,5086,800,1153,2470,2428,2859,800,800,3529,1901,800,800,800,1804,3852,800,2030,800,1779,800,0,0,0,0,100,0,100,0,0,0,0,0,0,0,0,0,0,0,0,0,0,0,0,0,0,0,0,0,4.761904716491699,0,0,0,0,24564,23311,283875,52,97,117902.54711914063,71238.26892089844,0,134868701184,8589930496,4984139776,7077888
200,1760601592974,2662,800,3146,800,3837,800,5896,800,3653,4400,1645,800,5086,800,1153,2470,2428,2859,800,800,3529,1901,800,800,800,1804,3852,800,2030,800,1779,800,0,0,0,0,100,0,100,0,0,0,0,0,0,0,0,0,0,0,0,0,0,0,0,0,0,0,0,0,0,0,0,0,0,24564,23311,283815,52,97,117912.73931884766,71246.00091552734,0,134868701184,8589930496,4984135680,7077888
200,1760601593174,2662,800,3146,800,3837,800,5896,800,3653,4400,1645,800,5086,800,1153,2470,2428,2859,800,800,3529,1901,800,800,800,1804,3852,800,2030,800,1779,800,0,0,0,0,100,0,100,0,0,0,0,0,0,0,0,0,0,0,0,0,0,0,0,0,0,0,4.761904716491699,0,4.761904716491699,0,0,0,0,24564,23311,284048,52,97,117923.47180175781,71254.28143310547,0,134868701184,8589930496,4984135680,7077888
200,1760601593374,2662,800,3146,800,3837,800,5896,800,3653,4400,1645,800,5086,800,1153,2470,2428,2859,800,800,3529,1901,800,800,800,1804,3852,800,2030,800,1779,800,4.761904716491699,0,0,0,100,4.761904716491699,78.94737243652344,23.809524536132813,5,0,0,0,0,0,0,0,0,0,0,0,0,4.761904716491699,0,0,0,0,0,0,0,0,5,0,0,24564,357,274794,47,72,117934.51354980469,71262.84240722656,0,134868701184,8589930496,3627839488,7077888
200,1760601593574,2662,800,3146,800,3837,800,5896,800,3653,4400,1645,800,5086,800,1153,2470,2428,2859,800,800,3529,1901,800,800,800,1804,3852,800,2030,800,1779,800,0,0,0,0,100,0,90.47618865966797,5.263157844543457,0,0,0,0,0,0,0,0,0,0,0,0,0,0,0,0,0,0,0,0,0,0,13.636363983154297,0,0,24564,357,239511,46,99,117944.78991699219,71270.44189453125,0,134868701184,8589930496,3308503040,7077888
200,1760601593774,2662,800,3146,800,3837,800,5896,800,3653,4400,1645,800,5086,800,1153,2470,2428,2859,800,800,3529,1901,800,800,800,1804,3852,800,2030,800,1779,800,0,0,0,0,100,0,100,0,0,0,0,0,0,0,0,0,0,0,0,0,0,0,0,0,0,0,0,0,0,0,0,0,0,24564,357,204019,45,100,117954.7377319336,71277.73236083984,0,134868701184,8589930496,3258957824,7077888
10,1760601593975,2662,800,3146,800,3837,800,5896,800,3653,4400,1645,800,5086,800,1153,2470,2428,2859,800,800,3529,1901,800,800,800,1804,3852,800,2030,800,1779,800,0,0,0,0,100,0,19.047618865966797,0,0,0,0,0,0,0,0,0,0,0,0,0,0,0,0,0,0,0,0,0,14.285715103149414,0,0,0,0,24564,357,165591,45,7,117963.20721435547,71283.75927734375,0,134868701184,8589930496,2658787328,7077888
